W5 slow-band eigenmode diagnosis
Computed: 2026-04-09

===========================================================================
SACRIFICE (Sg = 2.60815, slow band: 0 < rate < 2.608, W5 slow_wt = 27.08%)
===========================================================================
  Total overlap: 2.294594
    #      k    Re(lambda)    Im(lambda)    <n_XY>       |c_k|^2     norm%
  ----------------------------------------------------------------------
    1     18     -0.318085     -0.000000     1.718      0.399189   17.397%
    2     60     -0.534035     -1.791531     1.527      0.090553    3.946%
    3     58     -0.534035     +1.791531     1.527      0.090553    3.946%
    4     79     -0.573942     -4.633501     1.588      0.011541    0.503%
    5     80     -0.573942     +4.633501     1.588      0.011541    0.503%
    6    182     -0.862452     +0.000000     1.772      0.003975    0.173%
    7    186     -0.865857     +2.618236     1.671      0.003142    0.137%
    8    187     -0.865857     -2.618236     1.671      0.003142    0.137%
    9     75     -0.564399     -2.197209     1.532      0.002244    0.098%
   10     77     -0.564399     +2.197209     1.532      0.002244    0.098%
   11     20     -0.340104     -6.900653     1.589      0.001131    0.049%
   12     23     -0.340104     +6.900653     1.589      0.001131    0.049%
   13     97     -0.626988     +5.050468     1.557      0.000379    0.017%
   14     94     -0.626988     -5.050468     1.557      0.000379    0.017%
   15     40     -0.465156     -0.000000     1.724      0.000187    0.008%
   16     33     -0.446117     -2.068590     1.000      0.000000    0.000%
   17      7     -0.166525     +0.238470     1.000      0.000000    0.000%
   18      9     -0.166525     -0.238470     1.000      0.000000    0.000%
   19     37     -0.453947     -4.883702     1.000      0.000000    0.000%
   20    487     -2.436889     -2.847832     2.807      0.000000    0.000%

===========================================================================
UNIFORM (Sg = 2.60815, slow band: 0 < rate < 2.608, W5 slow_wt = 88.48%)
===========================================================================
  Total overlap: 1.736827
    #      k    Re(lambda)    Im(lambda)    <n_XY>       |c_k|^2     norm%
  ----------------------------------------------------------------------
    1    189     -2.086521     +0.000000     2.000      0.711934   40.991%
    2    165     -2.086521     -0.000000     2.000      0.413992   23.836%
    3    183     -2.086521     +0.000000     2.000      0.313446   18.047%
    4    176     -2.086521     -0.000000     2.000      0.024881    1.433%
    5    186     -2.086521     +0.000000     2.000      0.017230    0.992%
    6    177     -2.086521     +0.000000     2.000      0.016830    0.969%
    7    182     -2.086521     +0.000000     2.000      0.010547    0.607%
    8    170     -2.086521     +0.000000     2.000      0.010292    0.593%
    9    191     -2.086521     +0.000000     2.000      0.006012    0.346%
   10    163     -2.086521     +0.000000     2.000      0.004965    0.286%
   11    167     -2.086521     +0.000000     2.000      0.003109    0.179%
   12    173     -2.086521     -0.000000     2.000      0.001625    0.094%
   13    169     -2.086521     +0.000000     2.000      0.000968    0.056%
   14    184     -2.086521     +0.000000     2.000      0.000949    0.055%
   15    148     -2.070171     -0.000000     1.984      0.000000    0.000%
   16    149     -2.070171     -0.000000     1.984      0.000000    0.000%
   17    245     -2.213017     -0.000000     2.121      0.000000    0.000%
   18    142     -2.055553     +0.000000     1.970      0.000000    0.000%
   19    274     -2.280122     +0.045173     2.186      0.000000    0.000%
   20    118     -1.927446     +0.000000     1.848      0.000000    0.000%

