=== RESONANCE TEST: CΨ OSCILLATION ===
N=3, J=5.00, γ=[0.0001,0.0001,0.0050]
Σγ=0.0052, dt=0.01, tmax=60

Initial state: Bell(0,1) ⊗ |+>^(N-2)
     T |   CΨ(01) |   CΨ(0B) |   MI(01) |   MI(0B) |     Pur | event
  0.05 |   0.4438 |   0.2746 | 1.467453 | 0.529123 | 0.9995 | 
  0.10 |   0.3252 |   0.2983 | 0.943635 | 1.008880 | 0.9989 | 
  0.15 |   0.2740 |   0.2813 | 0.785207 | 0.819467 | 0.9984 | 
  0.50 |   0.2902 |   0.3068 | 0.834752 | 0.956295 | 0.9948 | 
  1.00 |   0.2844 |   0.2883 | 0.689890 | 0.684557 | 0.9896 | 
  1.50 |   0.2791 |   0.2645 | 0.644417 | 0.583745 | 0.9844 | 
  2.00 |   0.2989 |   0.3021 | 0.842682 | 0.967342 | 0.9793 | 
  2.05 |   0.2562 |   0.2493 | 0.693203 | 0.666011 | 0.9788 | 
  2.50 |   0.3940 |   0.1891 | 1.840558 | 0.060262 | 0.9742 | 
  3.00 |   0.2739 |   0.2845 | 0.766382 | 0.819345 | 0.9691 | 
  3.50 |   0.2863 |   0.2995 | 0.679651 | 0.736887 | 0.9641 | 
  3.60 |   0.2497 |   0.2369 | 0.655515 | 0.602188 | 0.9631 |  ↓ CROSS #1
  3.65 |   0.2896 |   0.2961 | 0.807032 | 0.917792 | 0.9626 |  ↑ CROSS #2
  3.95 |   0.2477 |   0.2250 | 0.600538 | 0.540564 | 0.9596 |  ↓ CROSS #3
  4.00 |   0.2778 |   0.2397 | 0.571233 | 0.486077 | 0.9591 |  ↑ CROSS #4
  4.05 |   0.2844 |   0.3033 | 0.673221 | 0.779509 | 0.9586 | 
  4.50 |   0.3098 |   0.2819 | 0.860144 | 0.908338 | 0.9542 | 
  4.55 |   0.2613 |   0.2662 | 0.710840 | 0.732857 | 0.9537 | 
  4.85 |   0.2455 |   0.2257 | 0.611656 | 0.543824 | 0.9508 |  ↓ CROSS #5
  4.90 |   0.2808 |   0.2903 | 0.776424 | 0.870342 | 0.9503 |  ↑ CROSS #6
  5.00 |   0.4194 |   0.2147 | 1.639828 | 0.183468 | 0.9493 | 
  5.05 |   0.4130 |   0.2057 | 1.679675 | 0.141090 | 0.9488 | 
  5.20 |   0.2433 |   0.2302 | 0.614393 | 0.569476 | 0.9473 |  ↓ CROSS #7
  5.25 |   0.2724 |   0.2295 | 0.539123 | 0.451144 | 0.9468 |  ↑ CROSS #8
  5.50 |   0.2572 |   0.2565 | 0.696095 | 0.685584 | 0.9444 | 
  5.55 |   0.3016 |   0.2809 | 0.831487 | 0.894809 | 0.9439 | 
  6.00 |   0.2791 |   0.2984 | 0.651688 | 0.777622 | 0.9396 | 
  6.05 |   0.2731 |   0.2413 | 0.567468 | 0.487505 | 0.9391 | 
  6.10 |   0.2456 |   0.2173 | 0.570813 | 0.493582 | 0.9386 |  ↓ CROSS #9
  6.15 |   0.2728 |   0.2821 | 0.748451 | 0.817411 | 0.9381 |  ↑ CROSS #10
  6.45 |   0.2435 |   0.2372 | 0.629444 | 0.602263 | 0.9352 |  ↓ CROSS #11
  6.50 |   0.2641 |   0.2209 | 0.512704 | 0.426106 | 0.9348 |  ↑ CROSS #12
  6.55 |   0.2779 |   0.2844 | 0.645377 | 0.663212 | 0.9343 | 
  6.75 |   0.2484 |   0.2424 | 0.657420 | 0.622444 | 0.9324 |  ↓ CROSS #13
  6.80 |   0.2902 |   0.2809 | 0.791774 | 0.874610 | 0.9319 |  ↑ CROSS #14
  7.00 |   0.3261 |   0.2668 | 0.911363 | 0.807961 | 0.9300 | 
  7.05 |   0.2659 |   0.2763 | 0.719132 | 0.787269 | 0.9295 | 
  7.10 |   0.2446 |   0.2137 | 0.533036 | 0.467693 | 0.9291 |  ↓ CROSS #15
  7.15 |   0.2680 |   0.2440 | 0.569678 | 0.491216 | 0.9286 |  ↑ CROSS #16
  7.35 |   0.2477 |   0.2117 | 0.535230 | 0.452264 | 0.9267 |  ↓ CROSS #17
  7.40 |   0.2650 |   0.2719 | 0.720640 | 0.760891 | 0.9262 |  ↑ CROSS #18
  7.50 |   0.4130 |   0.2384 | 1.426762 | 0.327785 | 0.9253 | 
  7.55 |   0.3525 |   0.1739 | 1.733999 | 0.026636 | 0.9248 | 
  7.70 |   0.2461 |   0.2449 | 0.643598 | 0.636415 | 0.9234 |  ↓ CROSS #19
  7.75 |   0.2534 |   0.2149 | 0.493720 | 0.411383 | 0.9229 |  ↑ CROSS #20
  8.00 |   0.2402 |   0.2296 | 0.617100 | 0.563442 | 0.9206 |  ↓ CROSS #21
  8.05 |   0.2804 |   0.2789 | 0.759575 | 0.844570 | 0.9201 |  ↑ CROSS #22
  8.35 |   0.2365 |   0.2158 | 0.545076 | 0.490515 | 0.9173 |  ↓ CROSS #23
  8.40 |   0.2663 |   0.2328 | 0.536003 | 0.450494 | 0.9168 |  ↑ CROSS #24
  8.50 |   0.2670 |   0.2803 | 0.613897 | 0.793242 | 0.9159 | 
  8.60 |   0.2493 |   0.2087 | 0.506976 | 0.420605 | 0.9150 |  ↓ CROSS #25
  8.65 |   0.2571 |   0.2601 | 0.691142 | 0.702584 | 0.9145 |  ↑ CROSS #26
  8.95 |   0.2491 |   0.2522 | 0.655353 | 0.669520 | 0.9117 |  ↓ CROSS #27
  9.00 |   0.2483 |   0.2095 | 0.483211 | 0.407037 | 0.9113 | 
  9.05 |   0.2628 |   0.2604 | 0.601053 | 0.554623 | 0.9108 |  ↑ CROSS #28
  9.25 |   0.2349 |   0.2187 | 0.576710 | 0.509783 | 0.9090 |  ↓ CROSS #29
  9.30 |   0.2718 |   0.2746 | 0.732398 | 0.806444 | 0.9085 |  ↑ CROSS #30
  9.50 |   0.3463 |   0.2662 | 0.995487 | 0.675637 | 0.9067 | 
  9.60 |   0.2316 |   0.2201 | 0.560767 | 0.519044 | 0.9057 |  ↓ CROSS #31
  9.65 |   0.2615 |   0.2229 | 0.504707 | 0.417669 | 0.9053 |  ↑ CROSS #32
  9.85 |   0.2491 |   0.2084 | 0.487546 | 0.399097 | 0.9035 |  ↓ CROSS #33
  9.95 |   0.2920 |   0.2630 | 0.787360 | 0.821239 | 0.9026 |  ↑ CROSS #34
 10.00 |   0.3859 |   0.2552 | 1.220303 | 0.467156 | 0.9021 | 
 10.25 |   0.2420 |   0.2065 | 0.481300 | 0.412619 | 0.8998 |  ↓ CROSS #35
 10.30 |   0.2547 |   0.2483 | 0.572363 | 0.505448 | 0.8994 |  ↑ CROSS #36
 10.50 |   0.2341 |   0.2104 | 0.538372 | 0.462652 | 0.8976 |  ↓ CROSS #37
 10.55 |   0.2640 |   0.2681 | 0.707683 | 0.762094 | 0.8971 |  ↑ CROSS #38
 10.85 |   0.2315 |   0.2261 | 0.577791 | 0.551049 | 0.8944 |  ↓ CROSS #39
 10.90 |   0.2540 |   0.2145 | 0.478170 | 0.393654 | 0.8940 |  ↑ CROSS #40
 11.00 |   0.2563 |   0.2500 | 0.580820 | 0.778808 | 0.8931 | 
 11.10 |   0.2475 |   0.2102 | 0.477550 | 0.387840 | 0.8922 |  ↓ CROSS #41
 11.20 |   0.2810 |   0.2637 | 0.749924 | 0.807324 | 0.8913 |  ↑ CROSS #42
 11.50 |   0.2340 |   0.2058 | 0.487170 | 0.427117 | 0.8886 |  ↓ CROSS #43
 11.55 |   0.2565 |   0.2367 | 0.540773 | 0.460986 | 0.8881 |  ↑ CROSS #44
 11.75 |   0.2360 |   0.2048 | 0.504430 | 0.423186 | 0.8864 |  ↓ CROSS #45
 11.80 |   0.2565 |   0.2597 | 0.683085 | 0.713346 | 0.8859 |  ↑ CROSS #46
 12.00 |   0.3653 |   0.2554 | 1.103358 | 0.523721 | 0.8841 | 
 12.10 |   0.2342 |   0.2329 | 0.594058 | 0.584241 | 0.8833 |  ↓ CROSS #47
 12.20 |   0.2630 |   0.2626 | 0.593819 | 0.572008 | 0.8824 |  ↑ CROSS #48
 12.40 |   0.2316 |   0.2225 | 0.586415 | 0.532654 | 0.8806 |  ↓ CROSS #49
 12.45 |   0.2715 |   0.2626 | 0.719847 | 0.783881 | 0.8802 |  ↑ CROSS #50
 12.50 |   0.3499 |   0.2593 | 1.033857 | 0.582840 | 0.8797 | 
 12.75 |   0.2261 |   0.2073 | 0.499219 | 0.449016 | 0.8775 |  ↓ CROSS #51
 12.80 |   0.2553 |   0.2261 | 0.508264 | 0.422332 | 0.8771 |  ↑ CROSS #52
 13.00 |   0.2380 |   0.2015 | 0.477070 | 0.392386 | 0.8754 |  ↓ CROSS #53
 13.10 |   0.2951 |   0.2461 | 0.794802 | 0.758049 | 0.8745 |  ↑ CROSS #54
 13.35 |   0.2375 |   0.2395 | 0.607976 | 0.616402 | 0.8723 |  ↓ CROSS #55
 13.45 |   0.2553 |   0.2516 | 0.572548 | 0.523626 | 0.8714 |  ↑ CROSS #56
 13.50 |   0.2522 |   0.2496 | 0.562661 | 0.736556 | 0.8710 | 
 13.65 |   0.2253 |   0.2121 | 0.548401 | 0.482361 | 0.8697 |  ↓ CROSS #57
 13.70 |   0.2633 |   0.2596 | 0.694837 | 0.752454 | 0.8693 |  ↑ CROSS #58
 14.00 |   0.2208 |   0.2108 | 0.515330 | 0.476416 | 0.8667 |  ↓ CROSS #59
 14.05 |   0.2513 |   0.2165 | 0.477247 | 0.390628 | 0.8663 |  ↑ CROSS #60
 14.25 |   0.2385 |   0.2010 | 0.457947 | 0.370981 | 0.8646 |  ↓ CROSS #61
 14.35 |   0.2827 |   0.2466 | 0.749716 | 0.758824 | 0.8637 |  ↑ CROSS #62
 14.50 |   0.3753 |   0.2339 | 1.220826 | 0.364716 | 0.8624 | 
 14.60 |   0.2406 |   0.2447 | 0.618632 | 0.645491 | 0.8616 |  ↓ CROSS #63
 14.75 |   0.2524 |   0.2557 | 0.559299 | 0.707038 | 0.8603 |  ↑ CROSS #64
 14.90 |   0.2234 |   0.2039 | 0.511770 | 0.437469 | 0.8590 |  ↓ CROSS #65
 14.95 |   0.2557 |   0.2546 | 0.672444 | 0.714674 | 0.8586 |  ↑ CROSS #66
 15.00 |   0.3148 |   0.2473 | 0.878201 | 0.662475 | 0.8582 | 
 15.25 |   0.2202 |   0.2159 | 0.533205 | 0.507195 | 0.8560 |  ↓ CROSS #67
 15.35 |   0.2595 |   0.2614 | 0.578818 | 0.587040 | 0.8552 |  ↑ CROSS #68
 15.40 |   0.2473 |   0.2379 | 0.545051 | 0.721959 | 0.8548 |  ↓ CROSS #69
 15.45 |   0.2557 |   0.2549 | 0.570754 | 0.546858 | 0.8544 |  ↑ CROSS #70
 15.50 |   0.2368 |   0.2028 | 0.447875 | 0.359281 | 0.8539 |  ↓ CROSS #71
 15.60 |   0.2721 |   0.2476 | 0.713671 | 0.749453 | 0.8531 |  ↑ CROSS #72
 15.85 |   0.2433 |   0.2478 | 0.625891 | 0.669730 | 0.8510 |  ↓ CROSS #73
 16.00 |   0.2531 |   0.2590 | 0.558280 | 0.673275 | 0.8497 |  ↑ CROSS #74
 16.10 |   0.2491 |   0.2272 | 0.509448 | 0.429730 | 0.8489 |  ↓ CROSS #75
 16.25 |   0.2993 |   0.2377 | 0.814417 | 0.686775 | 0.8477 |  ↑ CROSS #76
 16.50 |   0.2229 |   0.2218 | 0.550691 | 0.539168 | 0.8456 |  ↓ CROSS #77
 16.60 |   0.2548 |   0.2527 | 0.565920 | 0.541605 | 0.8447 |  ↑ CROSS #78
 16.65 |   0.2441 |   0.2291 | 0.534340 | 0.707404 | 0.8443 |  ↓ CROSS #79
 16.70 |   0.2568 |   0.2583 | 0.570042 | 0.572373 | 0.8439 |  ↑ CROSS #80
 16.75 |   0.2403 |   0.2048 | 0.446652 | 0.357073 | 0.8435 |  ↓ CROSS #81
 16.85 |   0.2630 |   0.2473 | 0.684999 | 0.731070 | 0.8427 |  ↑ CROSS #82
 17.00 |   0.3677 |   0.2067 | 1.331766 | 0.212731 | 0.8414 | 
 17.10 |   0.2457 |   0.2484 | 0.630394 | 0.687668 | 0.8406 |  ↓ CROSS #83
 17.25 |   0.2535 |   0.2590 | 0.557818 | 0.636270 | 0.8394 |  ↑ CROSS #84
 17.30 |   0.2498 |   0.2547 | 0.545598 | 0.678377 | 0.8390 |  ↓ CROSS #85
 17.50 |   0.2856 |   0.2317 | 0.760611 | 0.700543 | 0.8373 |  ↑ CROSS #86
 17.75 |   0.2265 |   0.2277 | 0.566065 | 0.570224 | 0.8353 |  ↓ CROSS #87
 17.95 |   0.2555 |   0.2594 | 0.563302 | 0.594611 | 0.8337 |  ↑ CROSS #88
 18.00 |   0.2428 |   0.2076 | 0.453050 | 0.363584 | 0.8333 |  ↓ CROSS #89
 18.10 |   0.2550 |   0.2454 | 0.661563 | 0.704999 | 0.8324 |  ↑ CROSS #90
 18.35 |   0.2481 |   0.2463 | 0.633453 | 0.698220 | 0.8304 |  ↓ CROSS #91
 18.50 |   0.2529 |   0.2559 | 0.555917 | 0.596953 | 0.8292 |  ↑ CROSS #92
 18.55 |   0.2439 |   0.2418 | 0.528428 | 0.678465 | 0.8288 |  ↓ CROSS #93
 18.75 |   0.2737 |   0.2314 | 0.716569 | 0.704154 | 0.8272 |  ↑ CROSS #94
 19.00 |   0.2298 |   0.2324 | 0.578244 | 0.598443 | 0.8252 |  ↓ CROSS #95
 19.20 |   0.2523 |   0.2575 | 0.551309 | 0.612419 | 0.8236 |  ↑ CROSS #96
 19.25 |   0.2428 |   0.2124 | 0.464988 | 0.377537 | 0.8232 |  ↓ CROSS #97
 19.40 |   0.3038 |   0.2360 | 0.845254 | 0.609490 | 0.8220 |  ↑ CROSS #98
 19.50 |   0.3369 |   0.1781 | 1.417886 | 0.087080 | 0.8212 | 
 19.65 |   0.2095 |   0.2064 | 0.493746 | 0.468641 | 0.8200 |  ↓ CROSS #99
 19.75 |   0.2507 |   0.2504 | 0.550687 | 0.556178 | 0.8192 |  ↑ CROSS #100
 19.80 |   0.2389 |   0.2270 | 0.513838 | 0.672347 | 0.8188 |  ↓ CROSS #101
 20.00 |   0.2636 |   0.2326 | 0.681442 | 0.698326 | 0.8172 |  ↑ CROSS #102
 20.25 |   0.2328 |   0.2353 | 0.586907 | 0.622174 | 0.8152 |  ↓ CROSS #103
 20.50 |   0.2403 |   0.2177 | 0.479834 | 0.397264 | 0.8133 | 
 20.65 |   0.2893 |   0.2263 | 0.782990 | 0.634443 | 0.8121 |  ↑ CROSS #104
 20.90 |   0.2121 |   0.2116 | 0.511928 | 0.499359 | 0.8101 |  ↓ CROSS #105
 21.00 |   0.2468 |   0.2430 | 0.540648 | 0.514757 | 0.8094 | 
 21.25 |   0.2548 |   0.2329 | 0.653751 | 0.684038 | 0.8074 |  ↑ CROSS #106
 21.50 |   0.2353 |   0.2357 | 0.592513 | 0.640090 | 0.8055 |  ↓ CROSS #107
 21.90 |   0.2763 |   0.2189 | 0.730212 | 0.649649 | 0.8024 |  ↑ CROSS #108
 22.00 |   0.2828 |   0.1530 | 1.455552 | 0.012798 | 0.8016 | 
 22.15 |   0.2159 |   0.2168 | 0.528322 | 0.529312 | 0.8005 |  ↓ CROSS #109
 22.50 |   0.2471 |   0.2319 | 0.631505 | 0.662425 | 0.7978 | 
 22.55 |   0.3076 |   0.2325 | 0.885146 | 0.528184 | 0.7974 |  ↑ CROSS #110
 22.75 |   0.2378 |   0.2337 | 0.596222 | 0.651216 | 0.7959 |  ↓ CROSS #111
 23.00 |   0.2326 |   0.2284 | 0.507227 | 0.446407 | 0.7940 | 
 23.15 |   0.2651 |   0.2175 | 0.686893 | 0.655448 | 0.7929 |  ↑ CROSS #112
 23.40 |   0.2195 |   0.2211 | 0.541684 | 0.556661 | 0.7910 |  ↓ CROSS #113
 23.50 |   0.2326 |   0.2253 | 0.503658 | 0.433411 | 0.7902 | 
 23.80 |   0.2930 |   0.2256 | 0.815805 | 0.562520 | 0.7880 |  ↑ CROSS #114
 24.00 |   0.2403 |   0.2295 | 0.599715 | 0.654932 | 0.7865 |  ↓ CROSS #115
 24.40 |   0.2553 |   0.2186 | 0.652377 | 0.652473 | 0.7835 |  ↑ CROSS #116
 24.50 |   0.2620 |   0.1492 | 1.420857 | 0.009027 | 0.7828 | 
 24.65 |   0.2227 |   0.2237 | 0.551504 | 0.579848 | 0.7816 |  ↓ CROSS #117
 25.00 |   0.2335 |   0.2252 | 0.594206 | 0.602053 | 0.7791 | 
 25.05 |   0.2795 |   0.2161 | 0.754827 | 0.587821 | 0.7787 |  ↑ CROSS #118
 25.25 |   0.2431 |   0.2235 | 0.604943 | 0.650958 | 0.7772 |  ↓ CROSS #119
 25.50 |   0.2389 |   0.2357 | 0.517127 | 0.495968 | 0.7754 | 
 25.70 |   0.3095 |   0.2252 | 0.931040 | 0.444666 | 0.7739 |  ↑ CROSS #120
 25.90 |   0.2254 |   0.2241 | 0.558056 | 0.597641 | 0.7725 |  ↓ CROSS #121
 26.00 |   0.2258 |   0.2071 | 0.448401 | 0.360983 | 0.7717 | 
 26.30 |   0.2674 |   0.2075 | 0.702864 | 0.604075 | 0.7696 |  ↑ CROSS #122
 26.50 |   0.2465 |   0.2160 | 0.613833 | 0.639312 | 0.7681 |  ↓ CROSS #123
 26.95 |   0.2960 |   0.2224 | 0.856784 | 0.486596 | 0.7649 |  ↑ CROSS #124
 27.00 |   0.2974 |   0.1672 | 1.318750 | 0.070128 | 0.7645 | 
 27.15 |   0.2279 |   0.2221 | 0.562339 | 0.609155 | 0.7634 |  ↓ CROSS #125
 27.50 |   0.2196 |   0.2124 | 0.552892 | 0.526609 | 0.7610 | 
 27.55 |   0.2567 |   0.2048 | 0.660055 | 0.611594 | 0.7606 |  ↑ CROSS #126
 27.65 |   0.2442 |   0.1414 | 1.376011 | 0.003082 | 0.7599 |  ↓ CROSS #127
 27.70 |   0.3180 |   0.2107 | 1.006959 | 0.340268 | 0.7595 |  ↑ CROSS #128
 27.80 |   0.2097 |   0.2107 | 0.508262 | 0.519142 | 0.7588 |  ↓ CROSS #129
 28.00 |   0.2362 |   0.2350 | 0.502973 | 0.533958 | 0.7574 | 
 28.20 |   0.2826 |   0.2160 | 0.789184 | 0.520472 | 0.7560 |  ↑ CROSS #130
 28.40 |   0.2304 |   0.2182 | 0.565912 | 0.613844 | 0.7546 |  ↓ CROSS #131
 28.50 |   0.2186 |   0.1913 | 0.390225 | 0.307531 | 0.7539 | 
 28.85 |   0.3084 |   0.2143 | 0.979377 | 0.360731 | 0.7514 |  ↑ CROSS #132
 28.90 |   0.2422 |   0.1431 | 1.355327 | 0.006196 | 0.7511 |  ↓ CROSS #133
 28.95 |   0.3182 |   0.2014 | 1.059186 | 0.276741 | 0.7507 |  ↑ CROSS #134
 29.00 |   0.2554 |   0.2009 | 0.648574 | 0.594248 | 0.7504 | 
 29.05 |   0.2131 |   0.2130 | 0.519062 | 0.541797 | 0.7500 |  ↓ CROSS #135
 29.45 |   0.2700 |   0.2068 | 0.729354 | 0.545922 | 0.7473 |  ↑ CROSS #136
 29.50 |   0.3104 |   0.1865 | 1.179127 | 0.169501 | 0.7469 | 
 29.65 |   0.2331 |   0.2125 | 0.570664 | 0.611467 | 0.7459 |  ↓ CROSS #137
 30.00 |   0.2036 |   0.1958 | 0.499094 | 0.445016 | 0.7435 | 
 30.10 |   0.2968 |   0.2153 | 0.902815 | 0.408345 | 0.7428 |  ↑ CROSS #138
 30.30 |   0.2160 |   0.2133 | 0.526457 | 0.559425 | 0.7414 |  ↓ CROSS #139
 30.50 |   0.2271 |   0.2229 | 0.471823 | 0.553623 | 0.7400 | 
 30.70 |   0.2586 |   0.1974 | 0.678067 | 0.562939 | 0.7387 |  ↑ CROSS #140
 30.90 |   0.2362 |   0.2055 | 0.578524 | 0.602053 | 0.7373 |  ↓ CROSS #141
 31.00 |   0.2025 |   0.1820 | 0.348781 | 0.282543 | 0.7366 | 
 31.35 |   0.2846 |   0.2129 | 0.830872 | 0.449220 | 0.7343 |  ↑ CROSS #142
 31.50 |   0.2667 |   0.2003 | 0.710020 | 0.523657 | 0.7332 | 
 31.55 |   0.2186 |   0.2115 | 0.531274 | 0.571212 | 0.7329 |  ↓ CROSS #143
 32.00 |   0.3036 |   0.2009 | 1.026408 | 0.278479 | 0.7299 |  ↑ CROSS #144
 32.05 |   0.2366 |   0.1389 | 1.308654 | 0.005137 | 0.7296 |  ↓ CROSS #145
 32.10 |   0.3015 |   0.2031 | 0.946805 | 0.333628 | 0.7292 |  ↑ CROSS #146
 32.15 |   0.2398 |   0.1979 | 0.591177 | 0.585834 | 0.7289 |  ↓ CROSS #147
 32.50 |   0.1887 |   0.1804 | 0.436717 | 0.366794 | 0.7266 | 
 32.55 |   0.2258 |   0.2063 | 0.561828 | 0.568102 | 0.7262 | 
 32.60 |   0.2724 |   0.2071 | 0.764923 | 0.482568 | 0.7259 |  ↑ CROSS #148
 32.80 |   0.2210 |   0.2077 | 0.534944 | 0.576672 | 0.7245 |  ↓ CROSS #149
 33.00 |   0.2164 |   0.1997 | 0.439398 | 0.553505 | 0.7232 | 
 33.05 |   0.2196 |   0.2134 | 0.467832 | 0.411312 | 0.7229 | 
 33.25 |   0.2951 |   0.2049 | 0.950350 | 0.329513 | 0.7216 |  ↑ CROSS #150
 33.30 |   0.2256 |   0.1377 | 1.293505 | 0.004584 | 0.7213 |  ↓ CROSS #151
 33.35 |   0.3019 |   0.1951 | 0.997296 | 0.274216 | 0.7209 |  ↑ CROSS #152
 33.40 |   0.2440 |   0.1909 | 0.609828 | 0.563192 | 0.7206 |  ↓ CROSS #153
 33.50 |   0.1900 |   0.1740 | 0.337134 | 0.290028 | 0.7199 | 
 33.55 |   0.2120 |   0.2031 | 0.445985 | 0.363607 | 0.7196 | 
 33.85 |   0.2608 |   0.1983 | 0.706157 | 0.508027 | 0.7177 |  ↑ CROSS #154
 34.00 |   0.2784 |   0.2028 | 0.794409 | 0.432670 | 0.7167 | 
 34.05 |   0.2236 |   0.2023 | 0.539278 | 0.575611 | 0.7163 |  ↓ CROSS #155
 34.50 |   0.2844 |   0.2061 | 0.876716 | 0.375597 | 0.7135 |  ↑ CROSS #156
 34.55 |   0.2420 |   0.1443 | 1.262444 | 0.019359 | 0.7131 |  ↓ CROSS #157
 34.60 |   0.2989 |   0.1855 | 1.045514 | 0.215393 | 0.7128 |  ↑ CROSS #158
 34.65 |   0.2488 |   0.1875 | 0.635059 | 0.534592 | 0.7125 |  ↓ CROSS #159
 35.00 |   0.1890 |   0.1708 | 0.379873 | 0.302913 | 0.7102 | 
 35.10 |   0.2502 |   0.1885 | 0.655459 | 0.525597 | 0.7096 |  ↑ CROSS #160
 35.30 |   0.2264 |   0.1957 | 0.546190 | 0.568072 | 0.7083 |  ↓ CROSS #161
 35.50 |   0.2096 |   0.1799 | 0.420591 | 0.535894 | 0.7070 | 
 35.75 |   0.2736 |   0.2041 | 0.807018 | 0.415431 | 0.7055 |  ↑ CROSS #162
 35.95 |   0.2097 |   0.2016 | 0.502635 | 0.536768 | 0.7041 |  ↓ CROSS #163
 36.00 |   0.1771 |   0.1731 | 0.354696 | 0.325119 | 0.7038 | 
 36.40 |   0.2890 |   0.1920 | 0.995702 | 0.252263 | 0.7013 |  ↑ CROSS #164
 36.45 |   0.2294 |   0.1365 | 1.245364 | 0.007783 | 0.7010 |  ↓ CROSS #165
 36.50 |   0.2861 |   0.1957 | 0.891058 | 0.327325 | 0.7007 |  ↑ CROSS #166
 36.55 |   0.2297 |   0.1885 | 0.557411 | 0.554274 | 0.7004 |  ↓ CROSS #167
 37.00 |   0.2625 |   0.1988 | 0.742669 | 0.448216 | 0.6976 |  ↑ CROSS #168
 37.20 |   0.2121 |   0.1980 | 0.506433 | 0.542856 | 0.6963 |  ↓ CROSS #169
 37.50 |   0.1929 |   0.1700 | 0.345066 | 0.264065 | 0.6944 | 
 37.65 |   0.2821 |   0.1960 | 0.923176 | 0.301319 | 0.6935 |  ↑ CROSS #170
 37.70 |   0.2126 |   0.1329 | 1.234997 | 0.003984 | 0.6932 |  ↓ CROSS #171
 37.75 |   0.2867 |   0.1888 | 0.939841 | 0.271787 | 0.6929 |  ↑ CROSS #172
 37.80 |   0.2334 |   0.1817 | 0.574239 | 0.534551 | 0.6926 |  ↓ CROSS #173
 38.00 |   0.2088 |   0.1909 | 0.420432 | 0.504495 | 0.6913 | 
 38.25 |   0.2518 |   0.1905 | 0.684922 | 0.473589 | 0.6898 |  ↑ CROSS #174
 38.45 |   0.2146 |   0.1929 | 0.510417 | 0.542891 | 0.6886 |  ↓ CROSS #175
 38.50 |   0.1741 |   0.1778 | 0.388742 | 0.375382 | 0.6883 | 
 38.90 |   0.2729 |   0.1974 | 0.852406 | 0.345926 | 0.6859 |  ↑ CROSS #176
 38.95 |   0.2243 |   0.1384 | 1.209582 | 0.014847 | 0.6855 |  ↓ CROSS #177
 39.00 |   0.2843 |   0.1803 | 0.986667 | 0.216239 | 0.6852 |  ↑ CROSS #178
 39.05 |   0.2377 |   0.1776 | 0.597378 | 0.509299 | 0.6849 |  ↓ CROSS #179
 39.50 |   0.2419 |   0.1807 | 0.634763 | 0.491552 | 0.6822 | 
 39.55 |   0.2770 |   0.1775 | 1.035199 | 0.179459 | 0.6819 |  ↑ CROSS #180
 39.60 |   0.2453 |   0.1422 | 1.178080 | 0.031478 | 0.6816 |  ↓ CROSS #181
 39.65 |   0.2689 |   0.1920 | 0.792111 | 0.371207 | 0.6813 |  ↑ CROSS #182
 39.70 |   0.2172 |   0.1867 | 0.516473 | 0.536939 | 0.6810 |  ↓ CROSS #183
 40.00 |   0.1951 |   0.1735 | 0.341216 | 0.256293 | 0.6792 | 
 40.15 |   0.2629 |   0.1958 | 0.784916 | 0.384744 | 0.6783 |  ↑ CROSS #184
 40.20 |   0.2398 |   0.1451 | 1.170937 | 0.038767 | 0.6780 |  ↓ CROSS #185
 40.25 |   0.2783 |   0.1706 | 1.029839 | 0.162573 | 0.6777 |  ↑ CROSS #186
 40.30 |   0.2424 |   0.1786 | 0.626880 | 0.478931 | 0.6774 |  ↓ CROSS #187
 40.50 |   0.2105 |   0.1987 | 0.431056 | 0.462458 | 0.6762 | 
 40.80 |   0.2748 |   0.1836 | 0.966632 | 0.228609 | 0.6744 |  ↑ CROSS #188
 40.85 |   0.2224 |   0.1341 | 1.185735 | 0.010915 | 0.6741 |  ↓ CROSS #189
 40.90 |   0.2717 |   0.1883 | 0.839244 | 0.321233 | 0.6738 |  ↑ CROSS #190
 40.95 |   0.2201 |   0.1798 | 0.526362 | 0.525217 | 0.6735 |  ↓ CROSS #191
 41.00 |   0.1826 |   0.1837 | 0.422649 | 0.425873 | 0.6732 | 
 41.40 |   0.2529 |   0.1910 | 0.722145 | 0.416950 | 0.6709 |  ↑ CROSS #192
 41.50 |   0.2685 |   0.1602 | 1.067610 | 0.113056 | 0.6703 | 
 41.55 |   0.2472 |   0.1818 | 0.662186 | 0.443864 | 0.6700 |  ↓ CROSS #193
 42.00 |   0.2250 |   0.1723 | 0.558984 | 0.506586 | 0.6674 | 
 42.05 |   0.2694 |   0.1877 | 0.897564 | 0.275752 | 0.6671 |  ↑ CROSS #194
 42.10 |   0.2030 |   0.1291 | 1.179504 | 0.004236 | 0.6668 |  ↓ CROSS #195
 42.15 |   0.2725 |   0.1826 | 0.886356 | 0.269360 | 0.6664 |  ↑ CROSS #196
 42.20 |   0.2235 |   0.1732 | 0.541465 | 0.508033 | 0.6662 |  ↓ CROSS #197
 42.50 |   0.1993 |   0.1778 | 0.363354 | 0.277199 | 0.6644 | 
 42.70 |   0.2589 |   0.1621 | 1.065196 | 0.114752 | 0.6633 |  ↑ CROSS #198
 42.85 |   0.2060 |   0.1841 | 0.483785 | 0.512913 | 0.6624 |  ↓ CROSS #199
 43.00 |   0.2097 |   0.1978 | 0.436606 | 0.411864 | 0.6615 | 
 43.30 |   0.2617 |   0.1893 | 0.829617 | 0.318934 | 0.6598 |  ↑ CROSS #200
 43.35 |   0.2085 |   0.1330 | 1.159131 | 0.011543 | 0.6595 |  ↓ CROSS #201
 43.40 |   0.2705 |   0.1751 | 0.931806 | 0.216949 | 0.6592 |  ↑ CROSS #202
 43.45 |   0.2273 |   0.1686 | 0.562602 | 0.485728 | 0.6589 |  ↓ CROSS #203
 43.50 |   0.1901 |   0.1856 | 0.445130 | 0.464289 | 0.6587 | 
 43.95 |   0.2619 |   0.1696 | 1.003523 | 0.160441 | 0.6561 |  ↑ CROSS #204
 44.00 |   0.2365 |   0.1395 | 1.119382 | 0.036604 | 0.6558 |  ↓ CROSS #205
 44.05 |   0.2557 |   0.1837 | 0.745702 | 0.361454 | 0.6555 |  ↑ CROSS #206
 44.10 |   0.2085 |   0.1782 | 0.489080 | 0.508313 | 0.6552 |  ↓ CROSS #207
 44.50 |   0.2119 |   0.1749 | 0.513101 | 0.497458 | 0.6530 | 
 44.55 |   0.2525 |   0.1880 | 0.764320 | 0.356767 | 0.6527 |  ↑ CROSS #208
 44.60 |   0.2230 |   0.1393 | 1.125886 | 0.031636 | 0.6524 |  ↓ CROSS #209
 44.65 |   0.2653 |   0.1663 | 0.973977 | 0.165747 | 0.6521 |  ↑ CROSS #210
 44.70 |   0.2314 |   0.1688 | 0.589948 | 0.458641 | 0.6518 |  ↓ CROSS #211
 45.00 |   0.1953 |   0.1855 | 0.394586 | 0.316275 | 0.6502 | 
 45.20 |   0.2611 |   0.1757 | 0.938951 | 0.207203 | 0.6491 |  ↑ CROSS #212
 45.25 |   0.2155 |   0.1318 | 1.129444 | 0.014444 | 0.6488 |  ↓ CROSS #213
 45.30 |   0.2584 |   0.1811 | 0.790974 | 0.315269 | 0.6485 |  ↑ CROSS #214
 45.35 |   0.2112 |   0.1717 | 0.497742 | 0.498379 | 0.6482 |  ↓ CROSS #215
 45.50 |   0.2029 |   0.1901 | 0.422713 | 0.355102 | 0.6474 | 
 45.90 |   0.2567 |   0.1566 | 1.011240 | 0.117876 | 0.6451 |  ↑ CROSS #216
 45.95 |   0.2357 |   0.1721 | 0.623066 | 0.427097 | 0.6448 |  ↓ CROSS #217
 46.00 |   0.1956 |   0.1807 | 0.455632 | 0.483610 | 0.6446 | 
 46.45 |   0.2572 |   0.1798 | 0.873283 | 0.252491 | 0.6421 |  ↑ CROSS #218
 46.50 |   0.1955 |   0.1260 | 1.126789 | 0.005210 | 0.6418 |  ↓ CROSS #219
 46.55 |   0.2592 |   0.1764 | 0.836454 | 0.266872 | 0.6415 |  ↑ CROSS #220
 46.60 |   0.2142 |   0.1653 | 0.511223 | 0.483405 | 0.6413 |  ↓ CROSS #221
 47.00 |   0.2010 |   0.1758 | 0.485715 | 0.469070 | 0.6391 | 
 47.50 |   0.1994 |   0.1910 | 0.415219 | 0.359371 | 0.6364 | 
 47.70 |   0.2509 |   0.1816 | 0.808135 | 0.294296 | 0.6353 |  ↑ CROSS #222
 47.75 |   0.1947 |   0.1280 | 1.110907 | 0.009280 | 0.6350 |  ↓ CROSS #223
 47.80 |   0.2576 |   0.1699 | 0.880551 | 0.217478 | 0.6347 |  ↑ CROSS #224
 47.85 |   0.2176 |   0.1604 | 0.530450 | 0.463698 | 0.6345 |  ↓ CROSS #225
 48.00 |   0.1889 |   0.1787 | 0.385120 | 0.297210 | 0.6337 | 
 48.50 |   0.2003 |   0.1704 | 0.463769 | 0.481917 | 0.6310 | 
 49.00 |   0.2076 |   0.1338 | 1.082616 | 0.025817 | 0.6283 | 
 49.05 |   0.2531 |   0.1620 | 0.921713 | 0.168685 | 0.6280 |  ↑ CROSS #226
 49.10 |   0.2212 |   0.1597 | 0.555722 | 0.439538 | 0.6278 |  ↓ CROSS #227
 49.50 |   0.1902 |   0.1730 | 0.460802 | 0.425700 | 0.6257 | 
 50.00 |   0.2008 |   0.1909 | 0.413102 | 0.394248 | 0.6230 | 
 50.50 |   0.1830 |   0.1667 | 0.332934 | 0.247033 | 0.6204 | 
 51.00 |   0.2055 |   0.1580 | 0.483274 | 0.460482 | 0.6178 | 
 51.50 |   0.2286 |   0.1480 | 0.996782 | 0.087943 | 0.6153 | 
 52.00 |   0.1773 |   0.1655 | 0.425782 | 0.371339 | 0.6127 | 
 52.50 |   0.1953 |   0.1827 | 0.389293 | 0.414170 | 0.6101 | 
 53.00 |   0.1727 |   0.1588 | 0.284400 | 0.215278 | 0.6076 | 
 53.50 |   0.2117 |   0.1514 | 0.523963 | 0.421514 | 0.6051 | 
 54.00 |   0.2353 |   0.1611 | 0.887001 | 0.170150 | 0.6026 | 
 54.50 |   0.1617 |   0.1553 | 0.378088 | 0.311484 | 0.6001 | 
 55.00 |   0.1863 |   0.1658 | 0.356534 | 0.418361 | 0.5977 | 
 55.50 |   0.1566 |   0.1523 | 0.257103 | 0.209716 | 0.5952 | 
 56.00 |   0.2184 |   0.1578 | 0.586764 | 0.366750 | 0.5927 | 
 56.50 |   0.2300 |   0.1675 | 0.768395 | 0.251046 | 0.5904 | 
 57.00 |   0.1516 |   0.1468 | 0.326466 | 0.254777 | 0.5880 | 
 57.50 |   0.1782 |   0.1436 | 0.331616 | 0.409913 | 0.5856 | 
 58.00 |   0.1468 |   0.1463 | 0.258459 | 0.230540 | 0.5832 | 
 58.50 |   0.2235 |   0.1603 | 0.664365 | 0.297703 | 0.5808 | 
 59.00 |   0.2174 |   0.1644 | 0.653356 | 0.316052 | 0.5785 | 
 59.50 |   0.1563 |   0.1437 | 0.286224 | 0.212223 | 0.5762 | 
 60.00 |   0.1748 |   0.1398 | 0.325531 | 0.392689 | 0.5739 | 

Total crossings: 114 down + 113 up = 227
