D:\Entwicklung\Projekte Privat\R-equals-C-Psi-squared\compute\RCPsiSquared.Propagate.Test\Program.cs(1059,13): warning CS0219: The variable 'dSys' is assigned but its value is never used [D:\Entwicklung\Projekte Privat\R-equals-C-Psi-squared\compute\RCPsiSquared.Propagate.Test\RCPsiSquared.Propagate.csproj]
=== RESONANCE TEST: CΨ OSCILLATION ===
N=5, J=5.00, γ=[0.0001,0.0001,0.0050,0.0050,0.0050]
Σγ=0.0152, dt=0.01, tmax=30

Initial state: Bell(0,1) ⊗ |+>^(N-2)
     T |   CΨ(01) |   CΨ(0B) |   MI(01) |   MI(0B) |     Pur | event
  0.05 |   0.4465 |   0.1723 | 1.497618 | 0.002167 | 0.9985 | 
  0.10 |   0.3576 |   0.2232 | 1.100204 | 0.053122 | 0.9969 | 
  0.15 |   0.3519 |   0.3042 | 0.962036 | 0.161070 | 0.9954 | 
  0.50 |   0.4576 |   0.2353 | 0.215730 | 0.357287 | 0.9848 | 
  1.00 |   0.4425 |   0.2526 | 0.324230 | 0.241393 | 0.9698 | 
  1.50 |   0.3848 |   0.2064 | 1.056487 | 0.136631 | 0.9551 | 
  2.00 |   0.6498 |   0.2389 | 0.132503 | 0.225838 | 0.9406 | 
  2.05 |   0.6779 |   0.2497 | 0.092353 | 0.193475 | 0.9392 | 
  2.50 |   0.5023 |   0.2279 | 0.709871 | 0.144218 | 0.9265 | 
  3.00 |   0.3369 |   0.2062 | 0.665719 | 0.111469 | 0.9125 | 
  3.40 |   0.2465 |   0.3889 | 0.208988 | 0.255960 | 0.9015 |  ↓ CROSS #1
  3.45 |   0.2644 |   0.3847 | 0.153785 | 0.235025 | 0.9002 |  ↑ CROSS #2
  3.50 |   0.3555 |   0.2852 | 0.210486 | 0.219344 | 0.8988 | 
  4.00 |   0.4227 |   0.2548 | 0.542629 | 0.261625 | 0.8854 | 
  4.05 |   0.3895 |   0.2405 | 0.653956 | 0.315164 | 0.8841 | 
  4.50 |   0.5445 |   0.2299 | 0.628414 | 0.073276 | 0.8722 | 
  4.55 |   0.4704 |   0.2120 | 0.559450 | 0.074032 | 0.8709 | 
  4.95 |   0.2318 |   0.3051 | 0.119360 | 0.510161 | 0.8605 |  ↓ CROSS #3
  5.00 |   0.2610 |   0.2937 | 0.221890 | 0.302724 | 0.8592 |  ↑ CROSS #4
  5.05 |   0.3191 |   0.2635 | 0.290336 | 0.236256 | 0.8579 | 
  5.50 |   0.3667 |   0.2690 | 0.396289 | 0.300646 | 0.8464 | 
  5.55 |   0.4103 |   0.2350 | 0.595549 | 0.182614 | 0.8451 | 
  6.00 |   0.4355 |   0.2240 | 0.388246 | 0.241451 | 0.8339 | 
  6.05 |   0.4198 |   0.2376 | 0.274112 | 0.291569 | 0.8327 | 
  6.50 |   0.2626 |   0.2827 | 0.285301 | 0.245035 | 0.8216 | 
  6.55 |   0.2441 |   0.3010 | 0.246771 | 0.222489 | 0.8203 |  ↓ CROSS #5
  6.60 |   0.2809 |   0.2983 | 0.316376 | 0.196638 | 0.8191 |  ↑ CROSS #6
  7.00 |   0.4507 |   0.3027 | 0.584511 | 0.090047 | 0.8094 | 
  7.05 |   0.3727 |   0.2905 | 0.471849 | 0.138554 | 0.8082 | 
  7.50 |   0.4503 |   0.2630 | 0.383849 | 0.184098 | 0.7975 | 
  7.55 |   0.6023 |   0.2430 | 0.309045 | 0.106040 | 0.7964 | 
  8.00 |   0.3258 |   0.2840 | 0.191951 | 0.233621 | 0.7859 | 
  8.50 |   0.3191 |   0.2062 | 0.598155 | 0.175294 | 0.7743 | 
  9.00 |   0.4387 |   0.1960 | 0.363931 | 0.080444 | 0.7631 | 
  9.50 |   0.3777 |   0.2518 | 0.193811 | 0.323822 | 0.7521 | 
  9.60 |   0.2314 |   0.2633 | 0.300504 | 0.310698 | 0.7498 |  ↓ CROSS #7
  9.75 |   0.2596 |   0.2256 | 0.573894 | 0.151812 | 0.7465 |  ↑ CROSS #8
 10.00 |   0.3138 |   0.1912 | 0.860537 | 0.105303 | 0.7411 | 
 10.50 |   0.4327 |   0.1927 | 0.190531 | 0.292337 | 0.7303 | 
 11.00 |   0.3989 |   0.2005 | 0.174953 | 0.276438 | 0.7200 | 
 11.50 |   0.2602 |   0.1761 | 1.033629 | 0.056700 | 0.7095 | 
 11.65 |   0.2374 |   0.2583 | 0.497989 | 0.238330 | 0.7064 |  ↓ CROSS #9
 11.85 |   0.3179 |   0.2618 | 0.193159 | 0.262273 | 0.7023 |  ↑ CROSS #10
 12.00 |   0.4030 |   0.2042 | 0.127778 | 0.204668 | 0.6993 | 
 12.50 |   0.2741 |   0.2397 | 0.280729 | 0.151015 | 0.6894 | 
 12.75 |   0.2373 |   0.2379 | 0.337151 | 0.310215 | 0.6845 |  ↓ CROSS #11
 12.80 |   0.2810 |   0.2147 | 0.437450 | 0.222853 | 0.6835 |  ↑ CROSS #12
 13.00 |   0.2903 |   0.1753 | 0.776827 | 0.117414 | 0.6795 | 
 13.20 |   0.2428 |   0.2291 | 0.431631 | 0.155438 | 0.6756 |  ↓ CROSS #13
 13.40 |   0.3145 |   0.2745 | 0.138006 | 0.149901 | 0.6717 |  ↑ CROSS #14
 13.50 |   0.4624 |   0.1936 | 0.091334 | 0.147199 | 0.6698 | 
 14.00 |   0.3273 |   0.2035 | 0.462386 | 0.275046 | 0.6604 | 
 14.50 |   0.3252 |   0.1504 | 0.455405 | 0.078553 | 0.6511 | 
 14.80 |   0.2295 |   0.2643 | 0.249618 | 0.168003 | 0.6455 |  ↓ CROSS #15
 15.00 |   0.2554 |   0.2244 | 0.083655 | 0.255474 | 0.6418 |  ↑ CROSS #16
 15.50 |   0.3386 |   0.2132 | 0.424385 | 0.196827 | 0.6328 | 
 15.60 |   0.2427 |   0.2162 | 0.517937 | 0.145253 | 0.6310 |  ↓ CROSS #17
 15.70 |   0.2584 |   0.2101 | 0.560581 | 0.126629 | 0.6292 |  ↑ CROSS #18
 16.00 |   0.3293 |   0.1702 | 0.252219 | 0.068382 | 0.6239 | 
 16.35 |   0.2377 |   0.2156 | 0.225021 | 0.174873 | 0.6178 |  ↓ CROSS #19
 16.50 |   0.2114 |   0.2579 | 0.160877 | 0.225775 | 0.6152 | 
 16.60 |   0.3123 |   0.1762 | 0.313634 | 0.072840 | 0.6134 |  ↑ CROSS #20
 17.00 |   0.3042 |   0.2680 | 0.280329 | 0.162122 | 0.6065 | 
 17.20 |   0.2247 |   0.1980 | 0.354759 | 0.208618 | 0.6031 |  ↓ CROSS #21
 17.30 |   0.2631 |   0.1880 | 0.477083 | 0.242569 | 0.6015 |  ↑ CROSS #22
 17.50 |   0.4091 |   0.2067 | 0.224716 | 0.153358 | 0.5982 | 
 17.90 |   0.2497 |   0.2617 | 0.099454 | 0.109849 | 0.5915 |  ↓ CROSS #23
 18.00 |   0.2185 |   0.2629 | 0.196391 | 0.152446 | 0.5899 | 
 18.30 |   0.2619 |   0.1405 | 0.590357 | 0.067653 | 0.5849 |  ↑ CROSS #24
 18.50 |   0.2485 |   0.2491 | 0.336475 | 0.225384 | 0.5816 |  ↓ CROSS #25
 18.60 |   0.2660 |   0.2295 | 0.376275 | 0.202335 | 0.5799 |  ↑ CROSS #26
 18.70 |   0.2500 |   0.2146 | 0.323998 | 0.322333 | 0.5783 |  ↓ CROSS #27
 18.85 |   0.3074 |   0.1628 | 0.491760 | 0.104297 | 0.5759 |  ↑ CROSS #28
 19.00 |   0.3695 |   0.2082 | 0.172520 | 0.078009 | 0.5736 | 
 19.50 |   0.2287 |   0.2269 | 0.163907 | 0.298399 | 0.5658 |  ↓ CROSS #29
 19.90 |   0.2616 |   0.1592 | 0.664940 | 0.031852 | 0.5595 |  ↑ CROSS #30
 20.00 |   0.2968 |   0.1752 | 0.499089 | 0.124550 | 0.5579 | 
 20.10 |   0.2306 |   0.2278 | 0.313646 | 0.143794 | 0.5564 |  ↓ CROSS #31
 20.15 |   0.2653 |   0.2271 | 0.246712 | 0.133333 | 0.5556 |  ↑ CROSS #32
 20.50 |   0.3824 |   0.1782 | 0.117222 | 0.102124 | 0.5503 | 
 21.00 |   0.2831 |   0.2364 | 0.178728 | 0.233891 | 0.5430 | 
 21.10 |   0.2419 |   0.2203 | 0.247566 | 0.174321 | 0.5415 |  ↓ CROSS #33
 21.30 |   0.2579 |   0.1410 | 0.678586 | 0.008199 | 0.5385 |  ↑ CROSS #34
 21.40 |   0.2109 |   0.1347 | 0.871408 | 0.007535 | 0.5370 |  ↓ CROSS #35
 21.50 |   0.2290 |   0.1785 | 0.608173 | 0.038558 | 0.5355 | 
 21.75 |   0.2546 |   0.2278 | 0.154705 | 0.305997 | 0.5318 |  ↑ CROSS #36
 22.00 |   0.3566 |   0.1686 | 0.078075 | 0.201446 | 0.5282 | 
 22.50 |   0.3471 |   0.1844 | 0.280035 | 0.145435 | 0.5212 | 
 22.60 |   0.2490 |   0.2206 | 0.255047 | 0.151330 | 0.5198 |  ↓ CROSS #37
 22.65 |   0.2664 |   0.2102 | 0.267068 | 0.206305 | 0.5191 |  ↑ CROSS #38
 22.80 |   0.2266 |   0.1914 | 0.428975 | 0.065213 | 0.5170 |  ↓ CROSS #39
 23.00 |   0.1913 |   0.1608 | 0.523176 | 0.114820 | 0.5141 | 
 23.30 |   0.2805 |   0.2147 | 0.143452 | 0.167749 | 0.5099 |  ↑ CROSS #40
 23.50 |   0.4208 |   0.1751 | 0.047919 | 0.055109 | 0.5071 | 
 23.95 |   0.2333 |   0.1725 | 0.276593 | 0.125721 | 0.5012 |  ↓ CROSS #41
 24.00 |   0.2132 |   0.1959 | 0.295446 | 0.252929 | 0.5005 | 
 24.45 |   0.2677 |   0.1312 | 0.577449 | 0.028743 | 0.4944 |  ↑ CROSS #42
 24.50 |   0.2303 |   0.1390 | 0.617167 | 0.066960 | 0.4938 |  ↓ CROSS #43
 24.90 |   0.2606 |   0.1851 | 0.118003 | 0.149988 | 0.4884 |  ↑ CROSS #44
 25.00 |   0.3076 |   0.1508 | 0.185683 | 0.147410 | 0.4871 | 
 25.50 |   0.2240 |   0.1612 | 0.305054 | 0.154874 | 0.4807 |  ↓ CROSS #45
 25.65 |   0.2666 |   0.1709 | 0.439181 | 0.120113 | 0.4788 |  ↑ CROSS #46
 26.00 |   0.2817 |   0.1351 | 0.277082 | 0.101935 | 0.4744 | 
 26.20 |   0.2356 |   0.1598 | 0.250176 | 0.089658 | 0.4718 |  ↓ CROSS #47
 26.50 |   0.2501 |   0.1962 | 0.131240 | 0.202683 | 0.4680 |  ↑ CROSS #48
 27.00 |   0.3036 |   0.2115 | 0.375958 | 0.095471 | 0.4618 | 
 27.05 |   0.2362 |   0.2031 | 0.300265 | 0.095405 | 0.4612 |  ↓ CROSS #49
 27.25 |   0.2570 |   0.1703 | 0.369533 | 0.151166 | 0.4589 |  ↑ CROSS #50
 27.50 |   0.2824 |   0.1496 | 0.125503 | 0.083488 | 0.4559 | 
 27.75 |   0.2378 |   0.1651 | 0.142221 | 0.130596 | 0.4529 |  ↓ CROSS #51
 28.00 |   0.1980 |   0.2024 | 0.215772 | 0.093966 | 0.4498 | 
 28.30 |   0.2596 |   0.1505 | 0.347624 | 0.050415 | 0.4462 |  ↑ CROSS #52
 28.45 |   0.2208 |   0.1892 | 0.236332 | 0.093752 | 0.4445 |  ↓ CROSS #53
 28.50 |   0.2212 |   0.2089 | 0.262897 | 0.204666 | 0.4439 | 
 28.85 |   0.2856 |   0.1814 | 0.245421 | 0.100945 | 0.4399 |  ↑ CROSS #54
 29.00 |   0.3702 |   0.1922 | 0.144245 | 0.052370 | 0.4382 | 
 29.40 |   0.2261 |   0.1979 | 0.074652 | 0.115395 | 0.4337 |  ↓ CROSS #55
 29.50 |   0.1943 |   0.2017 | 0.180592 | 0.154857 | 0.4326 | 
 30.00 |   0.1903 |   0.1782 | 0.235803 | 0.146551 | 0.4268 | 

Total crossings: 28 down + 27 up = 55
