=== CAVITY MODE LOCALIZATION ANALYSIS ===
N=5 Chain, J=1.0

Generating Pauli basis (1024 strings)...
Done. 1024 strings generated.

======================================================================
PROFILE: IBM SACRIFICE ZONE
======================================================================
Gammas: [0.2681, 0.0163, 0.0103, 0.0147, 0.0105]
Total modes: 1024
Oscillating: 1018

Computing qubit weights for 1018 oscillating modes...

Top 20 slowest oscillating modes:
  #       Rate     Freq  Q0(sac)       Q1       Q2       Q3       Q4
  1   0.045536    7.234    0.519    0.631    0.700    0.631    0.519
  2   0.045536    7.234    0.519    0.631    0.700    0.631    0.519
  3   0.045536    7.234    0.519    0.631    0.700    0.631    0.519
  4   0.045536    7.234    0.519    0.631    0.700    0.631    0.519
  5   0.092848    0.000    0.545    0.742    0.800    0.744    0.546
  6   0.092848    0.000    0.545    0.742    0.800    0.744    0.546
  7   0.097771    0.000    0.565    0.641    0.691    0.639    0.564
  8   0.097771    0.000    0.565    0.641    0.691    0.639    0.564
  9   0.098878    5.229    0.569    0.682    0.500    0.680    0.569
 10   0.098878    5.229    0.569    0.682    0.500    0.680    0.569
 11   0.098878    5.229    0.569    0.682    0.500    0.680    0.569
 12   0.098878    5.229    0.569    0.682    0.500    0.680    0.569
 13   0.104181    0.000    0.544    0.671    0.743    0.673    0.547
 14   0.104181    0.000    0.507    0.656    0.732    0.659    0.509
 15   0.120894    0.010    0.591    0.619    0.619    0.615    0.592
 16   0.120894    0.010    0.591    0.619    0.619    0.615    0.592
 17   0.120894    0.010    0.591    0.619    0.619    0.615    0.592
 18   0.120894    0.010    0.591    0.619    0.619    0.615    0.592
 19   0.121460    0.032    0.594    0.595    0.599    0.604    0.608
 20   0.121460    0.032    0.594    0.595    0.599    0.604    0.608

Top 20 fastest decaying modes:
  #       Rate     Freq  Q0(sac)       Q1       Q2       Q3       Q4
  1   0.639800    0.000    1.000    1.000    1.000    1.000    1.000
  2   0.639800    0.000    1.000    1.000    1.000    1.000    1.000
  3   0.639800    0.000    1.000    1.000    1.000    1.000    1.000
  4   0.639800    0.000    1.000    1.000    1.000    1.000    1.000
  5   0.639800    0.000    1.000    1.000    1.000    1.000    1.000
  6   0.639800    0.000    1.000    1.000    1.000    1.000    1.000
  7   0.594264    7.234    0.981    0.869    0.800    0.869    0.981
  8   0.594264    7.234    0.981    0.869    0.800    0.869    0.981
  9   0.594264    7.234    0.981    0.869    0.800    0.869    0.981
 10   0.594264    7.234    0.981    0.869    0.800    0.869    0.981
 11   0.546952    0.000    0.955    0.758    0.700    0.756    0.954
 12   0.546952    0.000    0.955    0.758    0.700    0.756    0.954
 13   0.542029    0.000    0.942    0.882    0.842    0.883    0.942
 14   0.542029    0.000    0.934    0.857    0.807    0.860    0.936
 15   0.540922    5.229    0.931    0.818    1.000    0.820    0.931
 16   0.540922    5.229    0.931    0.818    1.000    0.820    0.931
 17   0.540922    5.229    0.931    0.818    1.000    0.820    0.931
 18   0.540922    5.229    0.931    0.818    1.000    0.820    0.931
 19   0.535619    0.000    0.936    0.821    0.751    0.819    0.933
 20   0.535619    0.000    0.936    0.821    0.751    0.819    0.933

Correlation: weight_on_Q0 vs decay_rate
  Pearson  r = 0.9942 (p = 0.00e+00)
  Spearman r = 0.9900 (p = 0.00e+00)

The ~7.234J modes (freq ~ 7.234, rate < 0.1):
  #       Rate     Freq  Q0(sac)       Q1       Q2       Q3       Q4
  1   0.045536    7.234    0.519    0.631    0.700    0.631    0.519
  2   0.045536    7.234    0.519    0.631    0.700    0.631    0.519
  3   0.045536    7.234    0.519    0.631    0.700    0.631    0.519
  4   0.045536    7.234    0.519    0.631    0.700    0.631    0.519

Mean qubit profile (slowest quartile, 254 modes):
  [0.666, 0.711, 0.716, 0.712, 0.675]
Mean qubit profile (fastest quartile, 254 modes):
  [0.839, 0.795, 0.786, 0.795, 0.830]

======================================================================
PROFILE: UNIFORM
======================================================================
Gammas: [0.0640, 0.0640, 0.0640, 0.0640, 0.0640]
Total modes: 1024
Oscillating: 1018

Computing qubit weights for 1018 oscillating modes...

Top 20 slowest oscillating modes:
  #       Rate     Freq  Q0(sac)       Q1       Q2       Q3       Q4
  1   0.128000    7.236    0.519    0.631    0.700    0.631    0.519
  2   0.128000    5.236    0.569    0.681    0.500    0.681    0.569
  3   0.128000    2.764    0.631    0.519    0.700    0.519    0.631
  4   0.128000    0.764    0.681    0.569    0.500    0.569    0.681
  5   0.128000    0.764    0.681    0.569    0.500    0.569    0.681
  6   0.128000    0.000    0.611    0.611    0.611    0.611    0.611
  7   0.128000    0.000    0.479    0.479    0.479    0.479    0.479
  8   0.128000    0.000    0.453    0.453    0.453    0.453    0.453
  9   0.128000    0.000    0.422    0.422    0.422    0.422    0.422
 10   0.128000    0.000    0.477    0.477    0.477    0.477    0.477
 11   0.128000    0.000    0.600    0.600    0.600    0.600    0.600
 12   0.128000    0.764    0.681    0.569    0.500    0.569    0.681
 13   0.128000    0.000    0.676    0.676    0.676    0.676    0.676
 14   0.128000    0.000    0.731    0.731    0.731    0.731    0.731
 15   0.128000    0.000    0.699    0.699    0.699    0.699    0.699
 16   0.128000    5.236    0.569    0.681    0.500    0.681    0.569
 17   0.128000    0.764    0.681    0.569    0.500    0.569    0.681
 18   0.128000    0.000    0.547    0.547    0.547    0.547    0.547
 19   0.128000    2.764    0.631    0.519    0.700    0.519    0.631
 20   0.128000    2.764    0.631    0.519    0.700    0.519    0.631

Top 20 fastest decaying modes:
  #       Rate     Freq  Q0(sac)       Q1       Q2       Q3       Q4
  1   0.640000    0.000    1.000    1.000    1.000    1.000    1.000
  2   0.640000    0.000    1.000    1.000    1.000    1.000    1.000
  3   0.640000    0.000    1.000    1.000    1.000    1.000    1.000
  4   0.640000    0.000    1.000    1.000    1.000    1.000    1.000
  5   0.640000    0.000    1.000    1.000    1.000    1.000    1.000
  6   0.640000    0.000    1.000    1.000    1.000    1.000    1.000
  7   0.512000    7.236    0.981    0.869    0.800    0.869    0.981
  8   0.512000    7.236    0.981    0.869    0.800    0.869    0.981
  9   0.512000    2.764    0.869    0.981    0.800    0.981    0.869
 10   0.512000    0.000    0.856    0.856    0.856    0.856    0.856
 11   0.512000    0.000    0.901    0.901    0.901    0.901    0.901
 12   0.512000    0.000    0.900    0.900    0.900    0.900    0.900
 13   0.512000    0.764    0.819    0.931    1.000    0.931    0.819
 14   0.512000    0.000    0.926    0.926    0.926    0.926    0.926
 15   0.512000    5.236    0.931    0.819    1.000    0.819    0.931
 16   0.512000    5.236    0.931    0.819    1.000    0.819    0.931
 17   0.512000    5.236    0.931    0.819    1.000    0.819    0.931
 18   0.512000    0.000    0.955    0.955    0.955    0.955    0.955
 19   0.512000    0.000    0.886    0.886    0.886    0.886    0.886
 20   0.512000    0.000    0.870    0.870    0.870    0.870    0.870

Correlation: weight_on_Q0 vs decay_rate
  Pearson  r = 0.8588 (p = 2.04e-297)
  Spearman r = 0.8036 (p = 3.30e-231)

No modes found near freq=7.234 with rate < 0.1

Mean qubit profile (slowest quartile, 254 modes):
  [0.686, 0.685, 0.689, 0.685, 0.686]
Mean qubit profile (fastest quartile, 254 modes):
  [0.817, 0.819, 0.814, 0.819, 0.817]

======================================================================
PROFILE: ZERO NOISE (cavity modes)
======================================================================
Gammas: [0.0000, 0.0000, 0.0000, 0.0000, 0.0000]
Total modes: 1024
Oscillating: 904

Computing qubit weights for 904 oscillating modes...

Top 20 slowest oscillating modes:
  #       Rate     Freq  Q0(sac)       Q1       Q2       Q3       Q4
  1  -0.000000   10.066    0.763    0.761    0.620    0.761    0.763
  2  -0.000000   10.948    0.715    0.803    0.609    0.803    0.715
  3  -0.000000    8.064    0.753    0.795    0.713    0.795    0.753
  4  -0.000000   11.712    0.725    0.764    0.723    0.764    0.725
  5  -0.000000    7.183    0.747    0.771    0.673    0.771    0.747
  6  -0.000000   11.712    0.724    0.765    0.722    0.765    0.724
  7  -0.000000   10.066    0.737    0.739    0.880    0.739    0.737
  8  -0.000000    4.472    0.743    0.736    0.750    0.736    0.743
  9  -0.000000    5.236    0.786    0.764    0.800    0.764    0.786
 10  -0.000000   11.712    0.797    0.723    0.802    0.723    0.797
 11  -0.000000   10.066    0.737    0.739    0.880    0.739    0.737
 12  -0.000000   11.712    0.761    0.743    0.763    0.743    0.761
 13  -0.000000    4.998    0.751    0.761    0.775    0.761    0.751
 14  -0.000000    3.591    0.756    0.747    0.680    0.747    0.756
 15  -0.000000    6.475    0.781    0.743    0.798    0.743    0.781
 16  -0.000000    8.948    0.730    0.773    0.741    0.773    0.730
 17  -0.000000    6.064    0.746    0.702    0.756    0.702    0.746
 18  -0.000000    4.064    0.745    0.750    0.751    0.750    0.745
 19  -0.000000    3.879    0.746    0.799    0.754    0.799    0.746
 20  -0.000000    5.879    0.751    0.735    0.742    0.735    0.751

Top 20 fastest decaying modes:
  #       Rate     Freq  Q0(sac)       Q1       Q2       Q3       Q4
  1   0.000000   10.948    0.762    0.732    0.797    0.732    0.762
  2   0.000000    8.828    0.745    0.722    0.767    0.722    0.745
  3   0.000000    7.236    0.740    0.745    0.748    0.745    0.740
  4   0.000000    6.475    0.769    0.746    0.778    0.746    0.769
  5   0.000000    8.064    0.751    0.770    0.734    0.770    0.751
  6   0.000000   11.712    0.622    0.824    0.609    0.824    0.622
  7   0.000000    6.643    0.733    0.860    0.791    0.860    0.733
  8   0.000000    6.472    0.769    0.776    0.765    0.776    0.769
  9   0.000000   11.712    0.824    0.707    0.832    0.707    0.824
 10   0.000000    5.236    0.744    0.748    0.742    0.748    0.744
 11   0.000000    3.591    0.744    0.753    0.825    0.753    0.744
 12   0.000000    4.998    0.750    0.751    0.753    0.751    0.750
 13   0.000000    6.472    0.727    0.719    0.732    0.719    0.727
 14   0.000000    6.643    0.755    0.719    0.739    0.719    0.755
 15   0.000000    4.475    0.737    0.754    0.747    0.754    0.737
 16   0.000000    8.064    0.757    0.852    0.668    0.852    0.757
 17   0.000000    3.592    0.760    0.773    0.701    0.773    0.760
 18   0.000000    7.236    0.710    0.729    0.741    0.729    0.710
 19   0.000000   10.948    0.764    0.729    0.805    0.729    0.764
 20   0.000000   10.066    0.763    0.761    0.620    0.761    0.763

Correlation: weight_on_Q0 vs decay_rate
  Pearson  r = 0.0169 (p = 6.11e-01)
  Spearman r = 0.0200 (p = 5.48e-01)

The ~7.234J modes (freq ~ 7.234, rate < 0.1):
  #       Rate     Freq  Q0(sac)       Q1       Q2       Q3       Q4
  1  -0.000000    7.183    0.747    0.771    0.673    0.771    0.747
  2  -0.000000    7.236    0.779    0.765    0.756    0.765    0.779
  3  -0.000000    7.236    0.786    0.769    0.758    0.769    0.786
  4  -0.000000    7.236    0.806    0.779    0.762    0.779    0.806
  5  -0.000000    7.236    0.735    0.742    0.747    0.742    0.735
  6  -0.000000    7.236    0.838    0.795    0.769    0.795    0.838
  7  -0.000000    7.183    0.753    0.729    0.827    0.729    0.753
  8  -0.000000    7.236    0.779    0.765    0.756    0.765    0.779
  9  -0.000000    7.236    0.831    0.792    0.767    0.792    0.831
 10  -0.000000    7.183    0.753    0.729    0.827    0.729    0.753
 11  -0.000000    7.183    0.747    0.771    0.673    0.771    0.747
 12  -0.000000    7.236    0.653    0.700    0.729    0.700    0.653
 13  -0.000000    7.236    0.779    0.765    0.756    0.765    0.779
 14  -0.000000    7.236    0.735    0.742    0.747    0.742    0.735
 15  -0.000000    7.236    0.759    0.755    0.752    0.755    0.759
 16  -0.000000    7.236    0.810    0.781    0.763    0.781    0.810
 17  -0.000000    7.236    0.906    0.831    0.784    0.831    0.906
 18  -0.000000    7.236    0.830    0.791    0.767    0.791    0.830
 19  -0.000000    7.236    0.729    0.739    0.745    0.739    0.729
 20  -0.000000    7.183    0.747    0.771    0.673    0.771    0.747
 21  -0.000000    7.236    0.845    0.799    0.771    0.799    0.845
 22  -0.000000    7.236    0.800    0.776    0.761    0.776    0.800
 23  -0.000000    7.236    0.734    0.742    0.746    0.742    0.734
 24  -0.000000    7.236    0.768    0.759    0.754    0.759    0.768
 25  -0.000000    7.236    0.742    0.746    0.748    0.746    0.742
 26  -0.000000    7.236    0.981    0.869    0.800    0.869    0.981
 27  -0.000000    7.236    0.746    0.748    0.749    0.748    0.746
 28  -0.000000    7.236    0.714    0.731    0.742    0.731    0.714
 29  -0.000000    7.236    0.723    0.736    0.744    0.736    0.723
 30   0.000000    7.236    0.721    0.735    0.744    0.735    0.721
 31   0.000000    7.236    0.667    0.707    0.732    0.707    0.667
 32   0.000000    7.236    0.623    0.685    0.723    0.685    0.623
 33   0.000000    7.236    0.811    0.781    0.763    0.781    0.811
 34   0.000000    7.236    0.673    0.710    0.733    0.710    0.673
 35   0.000000    7.236    0.690    0.719    0.737    0.719    0.690
 36   0.000000    7.183    0.749    0.757    0.724    0.757    0.749
 37   0.000000    7.236    0.624    0.685    0.723    0.685    0.624
 38   0.000000    7.236    0.547    0.645    0.706    0.645    0.547
 39   0.000000    7.236    0.827    0.790    0.767    0.790    0.827
 40   0.000000    7.236    0.713    0.731    0.742    0.731    0.713
 41   0.000000    7.236    0.673    0.711    0.733    0.711    0.673
 42   0.000000    7.236    0.774    0.762    0.755    0.762    0.774
 43   0.000000    7.236    0.840    0.797    0.770    0.797    0.840
 44   0.000000    7.236    0.763    0.756    0.753    0.756    0.763
 45   0.000000    7.236    0.661    0.704    0.731    0.704    0.661
 46   0.000000    7.236    0.765    0.758    0.753    0.758    0.765
 47   0.000000    7.236    0.519    0.631    0.700    0.631    0.519
 48   0.000000    7.236    0.815    0.783    0.764    0.783    0.815
 49   0.000000    7.183    0.751    0.743    0.776    0.743    0.751
 50   0.000000    7.236    0.781    0.766    0.757    0.766    0.781
 51   0.000000    7.236    0.764    0.757    0.753    0.757    0.764
 52   0.000000    7.236    0.869    0.811    0.776    0.811    0.869
 53   0.000000    7.183    0.753    0.729    0.827    0.729    0.753
 54   0.000000    7.236    0.701    0.725    0.739    0.725    0.701
 55   0.000000    7.236    0.710    0.729    0.741    0.729    0.710
 56   0.000000    7.236    0.740    0.745    0.748    0.745    0.740

Mean qubit profile (slowest quartile, 226 modes):
  [0.750, 0.750, 0.746, 0.750, 0.750]
Mean qubit profile (fastest quartile, 226 modes):
  [0.748, 0.749, 0.750, 0.749, 0.748]

======================================================================
CROSS-PROFILE COMPARISON: 7.234J modes
======================================================================

IBM SACRIFICE ZONE: 56 modes near 7.234J
  Mean qubit profile (4 slowest): [0.519, 0.631, 0.700, 0.631, 0.519]
  Weight on Q0 (sacrifice): 0.519
  Weight on interior (Q1-Q4): 2.481

UNIFORM: 56 modes near 7.234J
  Mean qubit profile (4 slowest): [0.519, 0.631, 0.700, 0.631, 0.519]
  Weight on Q0 (sacrifice): 0.519
  Weight on interior (Q1-Q4): 2.481

ZERO NOISE (cavity modes): 56 modes near 7.234J
  Mean qubit profile (4 slowest): [0.780, 0.771, 0.737, 0.771, 0.780]
  Weight on Q0 (sacrifice): 0.780
  Weight on interior (Q1-Q4): 3.059

======================================================================
SUMMARY
======================================================================

IBM Sacrifice: Correlation(weight_Q0, rate) = 0.9942 (p=0.00e+00)
CONFIRMED: Modes with more weight on Q0 (sacrifice) decay faster.
The sacrifice zone protects modes localized on interior qubits.

=== DONE ===