======================================================================
SELF-HEATING FIXED POINT
Does the resonator find its own temperature?
======================================================================

======================================================================
CONFIG: N=3, pure amp
======================================================================
N=3, J=1.0, gamma_z=0.0, gamma_amp=0.1
H spectrum: [-4.00, 2.00]

iter    n_bar       E_ss       E_th        gap    Q_max  freqs
   0   0.0010     1.9920    -4.0000    +5.9920    119.4      3
   1   0.0015     1.9881    -4.0000    +5.9881    119.0      3
   2   0.0023     1.9821    -4.0000    +5.9821    118.6      3
   3   0.0034     1.9733    -4.0000    +5.9733    117.9      3
   4   0.0051     1.9601    -4.0000    +5.9601    116.8      3
   5   0.0076     1.9406    -4.0000    +5.9406    115.3      3
   6   0.0114     1.9119    -4.0000    +5.9119    113.1      4
   7   0.0171     1.8700    -4.0000    +5.8700    110.0      4
   8   0.0256     1.8097    -4.0000    +5.8097    105.6      5
   9   0.0384     1.7246    -4.0000    +5.7246     99.6      7
  10   0.0577     1.6078    -4.0000    +5.6078     91.9      7
  11   0.0865     1.4536    -4.0000    +5.4535     82.3      9
  12   0.1297     1.2608    -3.9998    +5.2606     71.2      8
  13   0.1946     1.0363    -3.9991    +5.0354     59.3      9
  14   0.2919     0.7973    -3.9958    +4.7930     47.5      9
  15   0.4379     0.5684    -3.9816    +4.5500     36.7      9
  16   0.6568     0.3736    -3.9294    +4.3030     27.4      9
  17   0.9853     0.2267    -3.7710    +3.9977     19.9      8
  18   1.4779     0.1278    -3.4045    +3.5323     14.2     10
  19   2.2168     0.0677    -2.7990    +2.8668      9.9      9
  20   3.3253     0.0342    -2.0892    +2.1234      6.8     10
  21   4.9879     0.0166    -1.4559    +1.4725      4.7     10
  22   7.4818     0.0078    -0.9790    +0.9868      3.2     10
  23  11.2227     0.0036    -0.6491    +0.6528      2.2     10
  24  16.8341     0.0017    -0.4289    +0.4306      1.5     10
  25  25.2512     0.0008    -0.2835    +0.2843      1.0     10
  26  37.8768     0.0003    -0.1878    +0.1881      0.6      9
  27  50.0000     0.0002    -0.1417    +0.1419      0.5      9
  28  50.0000     0.0002    -0.1417    +0.1419      0.5      9
  29  50.0000     0.0002    -0.1417    +0.1419      0.5      9

  NOT CONVERGED after 30 iterations
  Final n_bar = 50.0000, gap = +0.1419

======================================================================
CONFIG: N=3, Z+amp
======================================================================
N=3, J=1.0, gamma_z=0.1, gamma_amp=0.05
H spectrum: [-4.00, 2.00]

iter    n_bar       E_ss       E_th        gap    Q_max  freqs
   0   0.0010     1.9920    -4.0000    +5.9920     26.6      5
   1   0.0015     1.9881    -4.0000    +5.9881     26.6      5
   2   0.0023     1.9821    -4.0000    +5.9821     26.6      5
   3   0.0034     1.9733    -4.0000    +5.9733     26.6      6
   4   0.0051     1.9601    -4.0000    +5.9601     26.6      6
   5   0.0076     1.9406    -4.0000    +5.9406     26.5      6
   6   0.0114     1.9119    -4.0000    +5.9119     26.5      6
   7   0.0171     1.8700    -4.0000    +5.8700     26.4      8
   8   0.0256     1.8097    -4.0000    +5.8097     26.2     10
   9   0.0384     1.7246    -4.0000    +5.7246     26.0     12
  10   0.0577     1.6078    -4.0000    +5.6078     25.7     13
  11   0.0865     1.4536    -4.0000    +5.4535     25.3     17
  12   0.1297     1.2608    -3.9998    +5.2606     24.6     17
  13   0.1946     1.0363    -3.9991    +5.0354     23.7     17
  14   0.2919     0.7973    -3.9958    +4.7930     22.5     17
  15   0.4379     0.5684    -3.9816    +4.5500     20.8     17
  16   0.6568     0.3736    -3.9294    +4.3030     18.8     18
  17   0.9853     0.2267    -3.7710    +3.9977     16.5     19
  18   1.4779     0.1278    -3.4045    +3.5323     13.9     19
  19   2.2168     0.0677    -2.7990    +2.8668     11.3     18
  20   3.3253     0.0342    -2.0892    +2.1234      8.9     18
  21   4.9879     0.0166    -1.4559    +1.4725      6.8     19
  22   7.4818     0.0078    -0.9790    +0.9868      5.0     19
  23  11.2227     0.0036    -0.6491    +0.6528      3.7     19
  24  16.8341     0.0017    -0.4289    +0.4306      2.6     19
  25  25.2512     0.0008    -0.2835    +0.2843      1.8     19
  26  37.8768     0.0003    -0.1878    +0.1881      1.2     19
  27  50.0000     0.0002    -0.1417    +0.1419      0.9     19
  28  50.0000     0.0002    -0.1417    +0.1419      0.9     19
  29  50.0000     0.0002    -0.1417    +0.1419      0.9     19

  NOT CONVERGED after 30 iterations
  Final n_bar = 50.0000, gap = +0.1419

======================================================================
CONFIG: N=5, pure amp
======================================================================
N=5, J=1.0, gamma_z=0.0, gamma_amp=0.1
H spectrum: [-7.71, 4.00]

iter    n_bar       E_ss       E_th        gap    Q_max  freqs
   0   0.0010     3.9840    -7.7115   +11.6956    143.5     46
   1   0.0015     3.9761    -7.7115   +11.6877    142.8     47
   2   0.0023     3.9642    -7.7115   +11.6758    141.9     53
   3   0.0034     3.9465    -7.7115   +11.6581    140.6     57
   4   0.0051     3.9202    -7.7115   +11.6318    138.6     62
   5   0.0076     3.8812    -7.7115   +11.5928    135.7     69
   6   0.0114     3.8238    -7.7115   +11.5353    131.6     79
   7   0.0171     3.7400    -7.7115   +11.4516    125.9     92
   8   0.0256     3.6194    -7.7115   +11.3310    118.2    112
   9   0.0384     3.4492    -7.7115   +11.1608    108.3    133
  10   0.0577     3.2155    -7.7115   +10.9271     96.3    151
  11   0.0865     2.9072    -7.7115   +10.6187     82.8    166
  12   0.1297     2.5216    -7.7115   +10.2331     72.3    178
  13   0.1946     2.0726    -7.7115    +9.7841     60.7    194
  14   0.2919     1.5945    -7.7115    +9.3060     49.0    198
  15   0.4379     1.1368    -7.7112    +8.8480     38.1    214
  16   0.6568     0.7472    -7.7089    +8.4561     28.6    216
  17   0.9853     0.4533    -7.6952    +8.1485     20.8    224
  18   1.4779     0.2556    -7.6311    +7.8867     14.8    229
  19   2.2168     0.1355    -7.4015    +7.5370     10.4    228
  20   3.3253     0.0683    -6.8045    +6.8729      7.1    229
  21   4.9879     0.0332    -5.7211    +5.7543      4.9    231
  22   7.4818     0.0157    -4.3393    +4.3550      3.3    232
  23  11.2227     0.0073    -3.0347    +3.0420      2.2    232
  24  16.8341     0.0033    -2.0314    +2.0347      1.5    229
  25  25.2512     0.0015    -1.3378    +1.3393      1.0    230
  26  37.8768     0.0007    -0.8785    +0.8791      0.7    220
  27  50.0000     0.0004    -0.6593    +0.6597      0.5    212
  28  50.0000     0.0004    -0.6593    +0.6597      0.5    212
  29  50.0000     0.0004    -0.6593    +0.6597      0.5    212

  NOT CONVERGED after 30 iterations
  Final n_bar = 50.0000, gap = +0.6597

======================================================================
CONFIG: N=5, Z+amp
======================================================================
N=5, J=1.0, gamma_z=0.1, gamma_amp=0.05
H spectrum: [-7.71, 4.00]

iter    n_bar       E_ss       E_th        gap    Q_max  freqs
   0   0.0010     3.9840    -7.7115   +11.6956     32.1    127
   1   0.0015     3.9761    -7.7115   +11.6877     32.1    137
   2   0.0023     3.9642    -7.7115   +11.6758     32.1    151
   3   0.0034     3.9465    -7.7115   +11.6581     32.0    168
   4   0.0051     3.9202    -7.7115   +11.6318     32.0    184
   5   0.0076     3.8812    -7.7115   +11.5928     31.9    203
   6   0.0114     3.8238    -7.7115   +11.5353     31.8    227
   7   0.0171     3.7400    -7.7115   +11.4516     31.6    253
   8   0.0256     3.6194    -7.7115   +11.3310     31.3    279
   9   0.0384     3.4492    -7.7115   +11.1608     30.9    302
  10   0.0577     3.2155    -7.7115   +10.9271     30.3    327
  11   0.0865     2.9072    -7.7115   +10.6187     29.4    336
  12   0.1297     2.5216    -7.7115   +10.2331     28.2    359
  13   0.1946     2.0726    -7.7115    +9.7841     26.6    368
  14   0.2919     1.5945    -7.7115    +9.3060     24.5    386
  15   0.4379     1.1368    -7.7112    +8.8480     21.9    391
  16   0.6568     0.7472    -7.7089    +8.4561     19.1    399
  17   0.9853     0.4533    -7.6952    +8.1485     16.9    411
  18   1.4779     0.2556    -7.6311    +7.8867     14.4    420
  19   2.2168     0.1355    -7.4015    +7.5370     11.8    426
  20   3.3253     0.0683    -6.8045    +6.8729      9.3    395
  21   4.9879     0.0332    -5.7211    +5.7543      7.1    444
  22   7.4818     0.0157    -4.3393    +4.3550      5.3    455
  23  11.2227     0.0073    -3.0347    +3.0420      3.8    459
  24  16.8341     0.0033    -2.0314    +2.0347      2.7    464
  25  25.2512     0.0015    -1.3378    +1.3393      1.9    466
  26  37.8768     0.0007    -0.8785    +0.8791      1.3    462
  27  50.0000     0.0004    -0.6593    +0.6597      1.0    460
  28  50.0000     0.0004    -0.6593    +0.6597      1.0    460
  29  50.0000     0.0004    -0.6593    +0.6597      1.0    460

  NOT CONVERGED after 30 iterations
  Final n_bar = 50.0000, gap = +0.6597

======================================================================
CONFIG: N=5, Z+amp (weak)
======================================================================
N=5, J=1.0, gamma_z=0.1, gamma_amp=0.01
H spectrum: [-7.71, 4.00]

iter    n_bar       E_ss       E_th        gap    Q_max  freqs
   0   0.0010     3.9840    -7.7115   +11.6956     35.3    112
   1   0.0015     3.9761    -7.7115   +11.6877     35.3    112
   2   0.0023     3.9642    -7.7115   +11.6758     35.3    113
   3   0.0034     3.9465    -7.7115   +11.6581     35.3    113
   4   0.0051     3.9202    -7.7115   +11.6318     35.3    114
   5   0.0076     3.8812    -7.7115   +11.5928     35.2    118
   6   0.0114     3.8238    -7.7115   +11.5353     35.2    122
   7   0.0171     3.7400    -7.7115   +11.4516     35.2    133
   8   0.0256     3.6194    -7.7115   +11.3310     35.1    142
   9   0.0384     3.4492    -7.7115   +11.1608     35.0    153
  10   0.0577     3.2155    -7.7115   +10.9271     34.8    162
  11   0.0865     2.9072    -7.7115   +10.6187     34.6    176
  12   0.1297     2.5216    -7.7115   +10.2331     34.2    191
  13   0.1946     2.0726    -7.7115    +9.7841     33.7    224
  14   0.2919     1.5945    -7.7115    +9.3060     33.0    252
  15   0.4379     1.1368    -7.7112    +8.8480     31.9    265
  16   0.6568     0.7472    -7.7089    +8.4561     30.5    288
  17   0.9853     0.4533    -7.6952    +8.1485     28.5    314
  18   1.4779     0.2556    -7.6311    +7.8867     26.0    341
  19   2.2168     0.1355    -7.4015    +7.5370     23.1    364
  20   3.3253     0.0683    -6.8045    +6.8729     20.4    380
  21   4.9879     0.0332    -5.7211    +5.7543     17.9    392
  22   7.4818     0.0157    -4.3393    +4.3550     15.1    397
  23  11.2227     0.0073    -3.0347    +3.0420     12.2    398
  24  16.8341     0.0033    -2.0314    +2.0347      9.6    374
  25  25.2512     0.0015    -1.3378    +1.3393      7.3    418
  26  37.8768     0.0007    -0.8785    +0.8791      5.4    441
  27  50.0000     0.0004    -0.6593    +0.6597      4.3    443
  28  50.0000     0.0004    -0.6593    +0.6597      4.3    443
  29  50.0000     0.0004    -0.6593    +0.6597      4.3    443

  NOT CONVERGED after 30 iterations
  Final n_bar = 50.0000, gap = +0.6597

======================================================================
CONFIG: N=5, sacrifice+amp
======================================================================
N=5, J=1.0, gamma_z=[0.5, 0.01, 0.01, 0.01, 0.01], gamma_amp=0.05
H spectrum: [-7.71, 4.00]

iter    n_bar       E_ss       E_th        gap    Q_max  freqs
   0   0.0010     3.9840    -7.7115   +11.6956     89.0    145
   1   0.0015     3.9761    -7.7115   +11.6877     88.9    155
   2   0.0023     3.9642    -7.7115   +11.6758     88.7    171
   3   0.0034     3.9465    -7.7115   +11.6581     88.4    188
   4   0.0051     3.9202    -7.7115   +11.6318     87.9    211
   5   0.0076     3.8812    -7.7115   +11.5928     87.3    237
   6   0.0114     3.8238    -7.7115   +11.5353     86.3    271
   7   0.0171     3.7400    -7.7115   +11.4516     84.9    302
   8   0.0256     3.6194    -7.7115   +11.3310     82.9    329
   9   0.0384     3.4492    -7.7115   +11.1608     80.0    365
  10   0.0577     3.2155    -7.7115   +10.9271     76.0    386
  11   0.0865     2.9072    -7.7115   +10.6187     70.8    407
  12   0.1297     2.5216    -7.7115   +10.2331     64.2    423
  13   0.1946     2.0726    -7.7115    +9.7841     56.3    440
  14   0.2919     1.5945    -7.7115    +9.3060     47.6    450
  15   0.4379     1.1368    -7.7112    +8.8480     38.6    461
  16   0.6568     0.7472    -7.7089    +8.4561     30.2    467
  17   0.9853     0.4533    -7.6952    +8.1485     22.8    467
  18   1.4779     0.2556    -7.6311    +7.8867     16.9    472
  19   2.2168     0.1355    -7.4015    +7.5370     13.4    477
  20   3.3253     0.0683    -6.8045    +6.8729     10.2    479
  21   4.9879     0.0332    -5.7211    +5.7543      7.5    477
  22   7.4818     0.0157    -4.3393    +4.3550      5.4    479
  23  11.2227     0.0073    -3.0347    +3.0420      3.8    484
  24  16.8341     0.0033    -2.0314    +2.0347      2.7    488
  25  25.2512     0.0015    -1.3378    +1.3393      1.9    486
  26  37.8768     0.0007    -0.8785    +0.8791      1.3    480
  27  50.0000     0.0004    -0.6593    +0.6597      1.0    480
  28  50.0000     0.0004    -0.6593    +0.6597      1.0    480
  29  50.0000     0.0004    -0.6593    +0.6597      1.0    480

  NOT CONVERGED after 30 iterations
  Final n_bar = 50.0000, gap = +0.6597

======================================================================
SUMMARY
======================================================================

The fixed-point iteration finds n_bar* where the steady-state
energy of the Liouvillian equals the thermal energy at n_bar*.
At this point, the system is in thermal equilibrium with its
own decay products.

=== DONE ===