=== TIME EVOLUTION: NEEL STATE |01010> ===
N=5 Chain, J=1.0

|01010> index: 10 (binary: 01010)
|10101> index: 21 (binary: 10101)

======================================================================
VALIDATION: gamma=0, |01010>
======================================================================
  t=0.5, gamma=0:
  Purity: 1.000000 (must be 1.0 for unitary)
  SumMI:  1.350181 (must be > 0 for Neel)
  VALIDATION PASSED: Purity=1.000000, SumMI=1.350181

--- gamma=0 reference (|01010>) ---

--- gamma=0 (unitary) ---
gammas: [0.0000, 0.0000, 0.0000, 0.0000, 0.0000], sum=0.0000
    t   Purity    SumMI   MI_01   MI_12   MI_23   MI_34
  0.0   1.0000   0.0000  0.0000  0.0000  0.0000  0.0000
  0.5   1.0000   1.3502  0.3220  0.3531  0.3531  0.3220
  1.0   1.0000   1.4578  0.3803  0.3486  0.3486  0.3803
  1.5   1.0000   0.8587  0.2802  0.1491  0.1491  0.2802
  2.0   1.0000   1.4720  0.1875  0.5485  0.5485  0.1875
  2.5   1.0000   1.8281  0.3095  0.6045  0.6045  0.3095
  3.0   1.0000   1.7096  0.6220  0.2328  0.2328  0.6220
  3.5   1.0000   1.6017  0.2187  0.5821  0.5821  0.2187
  4.0   1.0000   1.9308  0.5839  0.3815  0.3815  0.5839
  4.5   1.0000   2.5229  0.6505  0.6109  0.6109  0.6505
  5.0   1.0000   1.5713  0.1407  0.6449  0.6449  0.1407

======================================================================
6 SCENARIOS with |01010>
======================================================================

--- 1 Mean-T2, No DD ---
gammas: [0.0095, 0.0141, 0.0091, 0.0073, 0.0084], sum=0.0483
    t   Purity    SumMI   MI_01   MI_12   MI_23   MI_34
  0.0   1.0000   0.0000  0.0000  0.0000  0.0000  0.0000
  0.5   0.9695   1.3293  0.3204  0.3422  0.3451  0.3216
  1.0   0.9273   1.4016  0.3653  0.3338  0.3354  0.3671
  1.5   0.8934   0.8605  0.2737  0.1575  0.1562  0.2731
  2.0   0.8586   1.3138  0.1826  0.4757  0.4726  0.1828
  2.5   0.8242   1.5103  0.2712  0.4828  0.4826  0.2737
  3.0   0.8000   1.4914  0.5353  0.2073  0.2072  0.5416
  3.5   0.7657   1.3291  0.2073  0.4573  0.4563  0.2082
  4.0   0.7333   1.5154  0.4604  0.3011  0.2964  0.4576
  4.5   0.7154   1.8773  0.5077  0.4313  0.4306  0.5077
  5.0   0.6878   1.1444  0.1052  0.4685  0.4653  0.1054

--- 2 Mean-T2, Uniform DD ---
gammas: [0.0047, 0.0071, 0.0045, 0.0036, 0.0042], sum=0.0242
    t   Purity    SumMI   MI_01   MI_12   MI_23   MI_34
  0.0   1.0000   0.0000  0.0000  0.0000  0.0000  0.0000
  0.5   0.9846   1.3396  0.3212  0.3476  0.3490  0.3218
  1.0   0.9628   1.4292  0.3727  0.3411  0.3419  0.3736
  1.5   0.9449   0.8602  0.2770  0.1536  0.1529  0.2766
  2.0   0.9261   1.3885  0.1850  0.5100  0.5083  0.1851
  2.5   0.9072   1.6500  0.2885  0.5358  0.5357  0.2900
  3.0   0.8935   1.5947  0.5763  0.2192  0.2193  0.5799
  3.5   0.8737   1.4532  0.2130  0.5136  0.5129  0.2135
  4.0   0.8545   1.7029  0.5164  0.3374  0.3345  0.5146
  4.5   0.8437   2.1574  0.5713  0.5076  0.5072  0.5713
  5.0   0.8267   1.3262  0.1188  0.5452  0.5432  0.1189

--- 3 Mean-T2, Selective DD ---
gammas: [0.0095, 0.0071, 0.0045, 0.0036, 0.0084], sum=0.0331
    t   Purity    SumMI   MI_01   MI_12   MI_23   MI_34
  0.0   1.0000   0.0000  0.0000  0.0000  0.0000  0.0000
  0.5   0.9796   1.3375  0.3204  0.3472  0.3487  0.3211
  1.0   0.9497   1.4222  0.3711  0.3392  0.3399  0.3721
  1.5   0.9263   0.8595  0.2757  0.1545  0.1541  0.2752
  2.0   0.9010   1.3672  0.1838  0.5004  0.4990  0.1840
  2.5   0.8755   1.6039  0.2832  0.5180  0.5180  0.2848
  3.0   0.8579   1.5607  0.5605  0.2181  0.2181  0.5639
  3.5   0.8320   1.4163  0.2113  0.4968  0.4964  0.2117
  4.0   0.8073   1.6441  0.4962  0.3280  0.3254  0.4945
  4.5   0.7939   2.0599  0.5483  0.4819  0.4816  0.5482
  5.0   0.7719   1.2734  0.1149  0.5228  0.5206  0.1151

--- 4 Sacrifice, No DD ---
gammas: [0.2680, 0.0163, 0.0103, 0.0147, 0.0105], sum=0.3198
    t   Purity    SumMI   MI_01   MI_12   MI_23   MI_34
  0.0   1.0000   0.0000  0.0000  0.0000  0.0000  0.0000
  0.5   0.8425   1.2762  0.2849  0.3111  0.3565  0.3237
  1.0   0.6443   1.2298  0.3026  0.3127  0.2650  0.3495
  1.5   0.5324   0.8213  0.2532  0.1449  0.2070  0.2161
  2.0   0.4312   0.9359  0.1577  0.2882  0.3334  0.1566
  2.5   0.3511   0.9083  0.1995  0.2689  0.2383  0.2016
  3.0   0.3075   0.9121  0.2619  0.1990  0.1693  0.2819
  3.5   0.2582   0.7955  0.1747  0.2037  0.2477  0.1694
  4.0   0.2226   0.7660  0.1964  0.1808  0.1837  0.2052
  4.5   0.2048   0.7991  0.2150  0.1756  0.1963  0.2122
  5.0   0.1852   0.5960  0.0934  0.1981  0.1997  0.1048

--- 5 Sacrifice, Uniform DD ---
gammas: [0.1915, 0.0081, 0.0041, 0.0059, 0.0042], sum=0.2138
    t   Purity    SumMI   MI_01   MI_12   MI_23   MI_34
  0.0   1.0000   0.0000  0.0000  0.0000  0.0000  0.0000
  0.5   0.8900   1.3010  0.2935  0.3241  0.3597  0.3238
  1.0   0.7378   1.3009  0.3257  0.3263  0.2877  0.3613
  1.5   0.6452   0.8409  0.2656  0.1457  0.1973  0.2322
  2.0   0.5527   1.0663  0.1646  0.3469  0.3884  0.1664
  2.5   0.4729   1.0821  0.2190  0.3281  0.3077  0.2273
  3.0   0.4270   1.0912  0.3343  0.2151  0.1896  0.3522
  3.5   0.3688   0.9620  0.1895  0.2705  0.3168  0.1853
  4.0   0.3228   0.9746  0.2616  0.2200  0.2251  0.2679
  4.5   0.3000   1.0595  0.2875  0.2354  0.2544  0.2823
  5.0   0.2706   0.7471  0.0920  0.2775  0.2707  0.1070

--- 6 Sacrifice, Selective DD ---
gammas: [0.2680, 0.0081, 0.0041, 0.0059, 0.0042], sum=0.2904
    t   Purity    SumMI   MI_01   MI_12   MI_23   MI_34
  0.0   1.0000   0.0000  0.0000  0.0000  0.0000  0.0000
  0.5   0.8586   1.2895  0.2843  0.3163  0.3643  0.3247
  1.0   0.6731   1.2610  0.3093  0.3220  0.2707  0.3589
  1.5   0.5672   0.8307  0.2589  0.1432  0.2104  0.2182
  2.0   0.4675   0.9879  0.1600  0.3089  0.3596  0.1593
  2.5   0.3860   0.9701  0.2078  0.2902  0.2603  0.2117
  3.0   0.3410   0.9746  0.2780  0.2145  0.1805  0.3017
  3.5   0.2886   0.8609  0.1838  0.2237  0.2760  0.1774
  4.0   0.2498   0.8419  0.2145  0.1992  0.2036  0.2247
  4.5   0.2301   0.8851  0.2355  0.1964  0.2211  0.2320
  5.0   0.2082   0.6583  0.0952  0.2267  0.2264  0.1100

======================================================================
ASYMMETRY CHECK: |10101> vs |01010> (Scenario 4 and 6)
======================================================================

--- 4 Sacrifice, No DD [|10101>] ---
gammas: [0.2680, 0.0163, 0.0103, 0.0147, 0.0105], sum=0.3198
    t   Purity    SumMI   MI_01   MI_12   MI_23   MI_34
  0.0   1.0000   0.0000  0.0000  0.0000  0.0000  0.0000
  0.5   0.8425   1.2762  0.2849  0.3111  0.3565  0.3237
  1.0   0.6443   1.2298  0.3026  0.3127  0.2650  0.3495
  1.5   0.5324   0.8213  0.2532  0.1449  0.2070  0.2161
  2.0   0.4312   0.9359  0.1577  0.2882  0.3334  0.1566
  2.5   0.3511   0.9083  0.1995  0.2689  0.2383  0.2016
  3.0   0.3075   0.9121  0.2619  0.1990  0.1693  0.2819
  3.5   0.2582   0.7955  0.1747  0.2037  0.2477  0.1694
  4.0   0.2226   0.7660  0.1964  0.1808  0.1837  0.2052
  4.5   0.2048   0.7991  0.2150  0.1756  0.1963  0.2122
  5.0   0.1852   0.5960  0.0934  0.1981  0.1997  0.1048

  |01010> vs |10101> SumMI difference:
  t=0.0: 0.0000 vs 0.0000 (diff=+0.0000)
  t=0.5: 1.2762 vs 1.2762 (diff=+0.0000)
  t=1.0: 1.2298 vs 1.2298 (diff=+0.0000)
  t=1.5: 0.8213 vs 0.8213 (diff=+0.0000)
  t=2.0: 0.9359 vs 0.9359 (diff=+0.0000)
  t=2.5: 0.9083 vs 0.9083 (diff=+0.0000)
  t=3.0: 0.9121 vs 0.9121 (diff=+0.0000)
  t=3.5: 0.7955 vs 0.7955 (diff=+0.0000)
  t=4.0: 0.7660 vs 0.7660 (diff=+0.0000)
  t=4.5: 0.7991 vs 0.7991 (diff=-0.0000)
  t=5.0: 0.5960 vs 0.5960 (diff=+0.0000)

--- 6 Sacrifice, Selective DD [|10101>] ---
gammas: [0.2680, 0.0081, 0.0041, 0.0059, 0.0042], sum=0.2904
    t   Purity    SumMI   MI_01   MI_12   MI_23   MI_34
  0.0   1.0000   0.0000  0.0000  0.0000  0.0000  0.0000
  0.5   0.8586   1.2895  0.2843  0.3163  0.3643  0.3247
  1.0   0.6731   1.2610  0.3093  0.3220  0.2707  0.3589
  1.5   0.5672   0.8307  0.2589  0.1432  0.2104  0.2182
  2.0   0.4675   0.9879  0.1600  0.3089  0.3596  0.1593
  2.5   0.3860   0.9701  0.2078  0.2902  0.2603  0.2117
  3.0   0.3410   0.9746  0.2780  0.2145  0.1805  0.3017
  3.5   0.2886   0.8609  0.1838  0.2237  0.2760  0.1774
  4.0   0.2498   0.8419  0.2145  0.1992  0.2036  0.2247
  4.5   0.2301   0.8851  0.2355  0.1964  0.2211  0.2320
  5.0   0.2082   0.6583  0.0952  0.2267  0.2264  0.1100

  |01010> vs |10101> SumMI difference:
  t=0.0: 0.0000 vs 0.0000 (diff=+0.0000)
  t=0.5: 1.2895 vs 1.2895 (diff=-0.0000)
  t=1.0: 1.2610 vs 1.2610 (diff=-0.0000)
  t=1.5: 0.8307 vs 0.8307 (diff=+0.0000)
  t=2.0: 0.9879 vs 0.9879 (diff=-0.0000)
  t=2.5: 0.9701 vs 0.9701 (diff=+0.0000)
  t=3.0: 0.9746 vs 0.9746 (diff=+0.0000)
  t=3.5: 0.8609 vs 0.8609 (diff=+0.0000)
  t=4.0: 0.8419 vs 0.8419 (diff=-0.0000)
  t=4.5: 0.8851 vs 0.8851 (diff=-0.0000)
  t=5.0: 0.6583 vs 0.6583 (diff=+0.0000)

======================================================================
SumMI EVOLUTION (all scenarios, |01010>)
======================================================================
    t      g=0       1 T2       2 T2       3 T2      4 Sac      5 Sac      6 Sac
  0.0   0.0000     0.0000     0.0000     0.0000     0.0000     0.0000     0.0000
  0.5   1.3502     1.3293     1.3396     1.3375     1.2762     1.3010     1.2895
  1.0   1.4578     1.4016     1.4292     1.4222     1.2298     1.3009     1.2610
  1.5   0.8587     0.8605     0.8602     0.8595     0.8213     0.8409     0.8307
  2.0   1.4720     1.3138     1.3885     1.3672     0.9359     1.0663     0.9879
  2.5   1.8281     1.5103     1.6500     1.6039     0.9083     1.0821     0.9701
  3.0   1.7096     1.4914     1.5947     1.5607     0.9121     1.0912     0.9746
  3.5   1.6017     1.3291     1.4532     1.4163     0.7955     0.9620     0.8609
  4.0   1.9308     1.5154     1.7029     1.6441     0.7660     0.9746     0.8419
  4.5   2.5229     1.8773     2.1574     2.0599     0.7991     1.0595     0.8851
  5.0   1.5713     1.1444     1.3262     1.2734     0.5960     0.7471     0.6583

======================================================================
COMPARISON AT t=2.5 (|01010>)
======================================================================

                      Scenario    SumMI   Purity  vs Scen1
              1 Mean-T2, No DD   1.5103   0.8242      1.00x
         2 Mean-T2, Uniform DD   1.6500   0.9072      1.09x
       3 Mean-T2, Selective DD   1.6039   0.8755      1.06x
            4 Sacrifice, No DD   0.9083   0.3511      0.60x
       5 Sacrifice, Uniform DD   1.0821   0.4729      0.72x
     6 Sacrifice, Selective DD   0.9701   0.3860      0.64x

======================================================================
COMPARISON: |01010> vs |+>^5 at t=1.5 (peak)
======================================================================

                      Scenario   Neel SumMI   Plus SumMI  Neel/Plus
  (|+>^5 data from previous run)

=== DONE ===