=== TIME EVOLUTION: 6 SCENARIOS ===
N=5 Chain, J=1.0, |+>^5 initial state


--- 1 Mean-T2, No DD ---
gammas: [0.0095, 0.0141, 0.0091, 0.0073, 0.0084]
sum(gamma): 0.0483

    t   Purity    SumMI   MI_01   MI_12   MI_23   MI_34  CPsi01  CPsi12
  0.0   1.0000   0.0000  0.0000  0.0000  0.0000  0.0000  1.0000  1.0000
  0.5   0.9530   0.0003  0.0001  0.0001  0.0001  0.0000  0.9634  0.9647
  1.0   0.9087   0.0003  0.0000  0.0001  0.0001  0.0000  0.9318  0.9347
  1.5   0.8668   0.0005  0.0000  0.0002  0.0002  0.0001  0.9038  0.9061
  2.0   0.8273   0.0005  0.0001  0.0001  0.0001  0.0002  0.8778  0.8803
  2.5   0.7899   0.0003  0.0000  0.0000  0.0001  0.0001  0.8509  0.8526
  3.0   0.7546   0.0001  0.0000  0.0000  0.0001  0.0001  0.8234  0.8251
  3.5   0.7211   0.0001  0.0000  0.0001  0.0001  0.0000  0.7979  0.7996
  4.0   0.6895   0.0002  0.0000  0.0001  0.0001  0.0000  0.7750  0.7751
  4.5   0.6596   0.0002  0.0000  0.0001  0.0001  0.0000  0.7547  0.7540
  5.0   0.6313   0.0002  0.0000  0.0001  0.0001  0.0000  0.7344  0.7321

--- 2 Mean-T2, Uniform DD ---
gammas: [0.0047, 0.0071, 0.0045, 0.0036, 0.0042]
sum(gamma): 0.0242

    t   Purity    SumMI   MI_01   MI_12   MI_23   MI_34  CPsi01  CPsi12
  0.0   1.0000   0.0000  0.0000  0.0000  0.0000  0.0000  1.0000  1.0000
  0.5   0.9762   0.0001  0.0000  0.0001  0.0000  0.0000  0.9815  0.9822
  1.0   0.9530   0.0002  0.0000  0.0001  0.0001  0.0000  0.9652  0.9667
  1.5   0.9305   0.0003  0.0000  0.0001  0.0001  0.0001  0.9505  0.9517
  2.0   0.9087   0.0002  0.0000  0.0001  0.0001  0.0001  0.9365  0.9379
  2.5   0.8875   0.0002  0.0000  0.0000  0.0000  0.0001  0.9218  0.9228
  3.0   0.8668   0.0001  0.0000  0.0000  0.0000  0.0000  0.9066  0.9075
  3.5   0.8468   0.0001  0.0000  0.0000  0.0000  0.0000  0.8921  0.8930
  4.0   0.8273   0.0001  0.0000  0.0001  0.0000  0.0000  0.8789  0.8789
  4.5   0.8083   0.0001  0.0000  0.0001  0.0000  0.0000  0.8670  0.8665
  5.0   0.7899   0.0001  0.0000  0.0000  0.0000  0.0000  0.8549  0.8534

--- 3 Mean-T2, Selective DD ---
gammas: [0.0095, 0.0071, 0.0045, 0.0036, 0.0084]
sum(gamma): 0.0331

    t   Purity    SumMI   MI_01   MI_12   MI_23   MI_34  CPsi01  CPsi12
  0.0   1.0000   0.0000  0.0000  0.0000  0.0000  0.0000  1.0000  1.0000
  0.5   0.9676   0.0005  0.0001  0.0001  0.0000  0.0003  0.9741  0.9800
  1.0   0.9364   0.0006  0.0003  0.0002  0.0000  0.0001  0.9528  0.9571
  1.5   0.9064   0.0006  0.0002  0.0003  0.0001  0.0000  0.9330  0.9372
  2.0   0.8776   0.0007  0.0003  0.0003  0.0001  0.0000  0.9139  0.9196
  2.5   0.8498   0.0006  0.0003  0.0002  0.0000  0.0000  0.8936  0.9014
  3.0   0.8232   0.0005  0.0002  0.0002  0.0001  0.0001  0.8730  0.8844
  3.5   0.7975   0.0008  0.0002  0.0002  0.0002  0.0002  0.8549  0.8640
  4.0   0.7728   0.0009  0.0002  0.0002  0.0003  0.0002  0.8380  0.8449
  4.5   0.7491   0.0008  0.0001  0.0002  0.0003  0.0002  0.8215  0.8318
  5.0   0.7262   0.0009  0.0002  0.0002  0.0002  0.0002  0.8052  0.8162

--- 4 Sacrifice, No DD ---
gammas: [0.2680, 0.0163, 0.0103, 0.0147, 0.0105]
sum(gamma): 0.3198

    t   Purity    SumMI   MI_01   MI_12   MI_23   MI_34  CPsi01  CPsi12
  0.0   1.0000   0.0000  0.0000  0.0000  0.0000  0.0000  1.0000  1.0000
  0.5   0.7496   0.0471  0.0388  0.0082  0.0001  0.0001  0.6589  0.8692
  1.0   0.5818   0.1206  0.0533  0.0439  0.0191  0.0044  0.5296  0.6676
  1.5   0.4590   0.1582  0.0571  0.0425  0.0305  0.0280  0.4738  0.5790
  2.0   0.3665   0.1152  0.0547  0.0394  0.0143  0.0068  0.4191  0.4968
  2.5   0.2972   0.0706  0.0360  0.0245  0.0066  0.0035  0.3534  0.4426
  3.0   0.2477   0.0582  0.0217  0.0234  0.0077  0.0055  0.2964  0.4066
  3.5   0.2100   0.0689  0.0213  0.0234  0.0148  0.0094  0.2695  0.3480
  4.0   0.1789   0.0740  0.0176  0.0184  0.0246  0.0134  0.2565  0.3109
  4.5   0.1532   0.0692  0.0156  0.0178  0.0243  0.0116  0.2416  0.2878
  5.0   0.1320   0.0583  0.0148  0.0163  0.0152  0.0120  0.2262  0.2655

--- 5 Sacrifice, Uniform DD ---
gammas: [0.1915, 0.0081, 0.0041, 0.0059, 0.0042]
sum(gamma): 0.2138

    t   Purity    SumMI   MI_01   MI_12   MI_23   MI_34  CPsi01  CPsi12
  0.0   1.0000   0.0000  0.0000  0.0000  0.0000  0.0000  1.0000  1.0000
  0.5   0.8205   0.0388  0.0311  0.0075  0.0002  0.0000  0.7409  0.9123
  1.0   0.6850   0.1063  0.0447  0.0385  0.0185  0.0046  0.6321  0.7549
  1.5   0.5761   0.1458  0.0503  0.0388  0.0297  0.0271  0.5857  0.6842
  2.0   0.4871   0.1077  0.0499  0.0370  0.0138  0.0070  0.5383  0.6139
  2.5   0.4147   0.0659  0.0337  0.0236  0.0057  0.0029  0.4739  0.5666
  3.0   0.3584   0.0542  0.0201  0.0231  0.0066  0.0044  0.4119  0.5358
  3.5   0.3132   0.0678  0.0210  0.0240  0.0148  0.0080  0.3820  0.4761
  4.0   0.2744   0.0773  0.0182  0.0190  0.0272  0.0129  0.3709  0.4394
  4.5   0.2410   0.0743  0.0161  0.0189  0.0274  0.0119  0.3572  0.4203
  5.0   0.2122   0.0641  0.0154  0.0181  0.0168  0.0138  0.3430  0.3987

--- 6 Sacrifice, Selective DD ---
gammas: [0.2680, 0.0081, 0.0041, 0.0059, 0.0042]
sum(gamma): 0.2904

    t   Purity    SumMI   MI_01   MI_12   MI_23   MI_34  CPsi01  CPsi12
  0.0   1.0000   0.0000  0.0000  0.0000  0.0000  0.0000  1.0000  1.0000
  0.5   0.7715   0.0556  0.0442  0.0110  0.0004  0.0000  0.6677  0.8879
  1.0   0.6148   0.1493  0.0614  0.0540  0.0270  0.0070  0.5457  0.6930
  1.5   0.4963   0.2006  0.0682  0.0534  0.0412  0.0378  0.4976  0.6125
  2.0   0.4040   0.1447  0.0672  0.0500  0.0188  0.0087  0.4478  0.5341
  2.5   0.3331   0.0890  0.0447  0.0315  0.0082  0.0045  0.3816  0.4837
  3.0   0.2818   0.0742  0.0268  0.0305  0.0099  0.0070  0.3227  0.4528
  3.5   0.2423   0.0897  0.0267  0.0307  0.0198  0.0124  0.2973  0.3926
  4.0   0.2086   0.0989  0.0227  0.0244  0.0339  0.0178  0.2881  0.3558
  4.5   0.1800   0.0944  0.0204  0.0243  0.0341  0.0156  0.2761  0.3350
  5.0   0.1559   0.0804  0.0198  0.0227  0.0214  0.0165  0.2627  0.3135

======================================================================
COMPARISON AT t=2.5 us (midpoint)
======================================================================

                      Scenario    SumMI   Purity  vs Scen1
              1 Mean-T2, No DD   0.0003   0.7899      1.00x
         2 Mean-T2, Uniform DD   0.0002   0.8875      0.52x
       3 Mean-T2, Selective DD   0.0006   0.8498      1.98x
            4 Sacrifice, No DD   0.0706   0.2972    234.66x
       5 Sacrifice, Uniform DD   0.0659   0.4147    219.11x
     6 Sacrifice, Selective DD   0.0890   0.3331    295.81x

======================================================================
SumMI EVOLUTION (all scenarios)
======================================================================
    t       1 T2       2 T2       3 T2      4 Sac      5 Sac      6 Sac
  0.0     0.0000     0.0000     0.0000     0.0000     0.0000     0.0000
  0.5     0.0003     0.0001     0.0005     0.0471     0.0388     0.0556
  1.0     0.0003     0.0002     0.0006     0.1206     0.1063     0.1493
  1.5     0.0005     0.0003     0.0006     0.1582     0.1458     0.2006
  2.0     0.0005     0.0002     0.0007     0.1152     0.1077     0.1447
  2.5     0.0003     0.0002     0.0006     0.0706     0.0659     0.0890
  3.0     0.0001     0.0001     0.0005     0.0582     0.0542     0.0742
  3.5     0.0001     0.0001     0.0008     0.0689     0.0678     0.0897
  4.0     0.0002     0.0001     0.0009     0.0740     0.0773     0.0989
  4.5     0.0002     0.0001     0.0008     0.0692     0.0743     0.0944
  5.0     0.0002     0.0001     0.0009     0.0583     0.0641     0.0804

=== DONE ===