Check 1: SWAP-Artifact Check
========================================================================
Parameters: J=1.0, gamma_B=0.1
Sweep: gamma_S_rel = gamma_S/gamma_B from 0.0 to 0.1, 21 points

gamma_S_rel = 0.0000 (gamma_S = 0.00000)
  Distinct Re(lambda) classes: 3
  Re(lambda) values: [-0.2 -0.1  0. ]
   -0.20000    0.00000  +1.0000
   -0.20000    0.00000  +1.0000
   -0.20000   -0.00000  +1.0000
   -0.10000   -1.99750  -1.0000
   -0.10000   -0.99499  +0.9950
   -0.10000   -0.99499  +0.9950
   -0.10000   -0.99499  -0.9950
   -0.10000   -0.99499  -0.9950
   -0.10000    0.99499  -0.9950
   -0.10000    0.99499  -0.9950
   -0.10000    0.99499  +0.9950
   -0.10000    0.99499  +0.9950
   -0.10000    1.99750  -1.0000
    0.00000    0.00000  +1.0000
    0.00000    0.00000  +1.0000
    0.00000    0.00000  +1.0000

gamma_S_rel = 0.0050 (gamma_S = 0.00050)
  Distinct Re(lambda) classes: 3
  Re(lambda) values: [-0.201  -0.1005  0.    ]
   -0.20100   -0.00000  +1.0000
   -0.20100    0.00000  +1.0000
   -0.20100   -0.00000  +1.0000
   -0.10050   -1.99747  -1.0000
   -0.10050   -0.99504  +0.9950
   -0.10050   -0.99504  +0.9950
   -0.10050   -0.99504  -0.9950
   -0.10050   -0.99504  -0.9950
   -0.10050    0.99504  -0.9950
   -0.10050    0.99504  -0.9950
   -0.10050    0.99504  +0.9950
   -0.10050    0.99504  +0.9950
   -0.10050    1.99747  -1.0000
    0.00000    0.00000  +1.0000
    0.00000    0.00000  +1.0000
    0.00000    0.00000  +1.0000

gamma_S_rel = 0.0100 (gamma_S = 0.00100)
  Distinct Re(lambda) classes: 3
  Re(lambda) values: [-0.202 -0.101  0.   ]
   -0.20200    0.00000  +1.0000
   -0.20200    0.00000  +1.0000
   -0.20200   -0.00000  +1.0000
   -0.10100   -1.99745  -1.0000
   -0.10100   -0.99509  +0.9951
   -0.10100   -0.99509  +0.9951
   -0.10100   -0.99509  -0.9951
   -0.10100   -0.99509  -0.9951
   -0.10100    0.99509  -0.9951
   -0.10100    0.99509  -0.9951
   -0.10100    0.99509  +0.9951
   -0.10100    0.99509  +0.9951
   -0.10100    1.99745  -1.0000
    0.00000    0.00000  +1.0000
    0.00000    0.00000  +1.0000
    0.00000    0.00000  +1.0000

gamma_S_rel = 0.0150 (gamma_S = 0.00150)
  Distinct Re(lambda) classes: 3
  Re(lambda) values: [-0.203  -0.1015  0.    ]
   -0.20300    0.00000  +1.0000
   -0.20300    0.00000  +1.0000
   -0.20300   -0.00000  +1.0000
   -0.10150   -1.99742  -1.0000
   -0.10150   -0.99514  +0.9951
   -0.10150   -0.99514  +0.9951
   -0.10150   -0.99514  -0.9951
   -0.10150   -0.99514  -0.9951
   -0.10150    0.99514  -0.9951
   -0.10150    0.99514  -0.9951
   -0.10150    0.99514  +0.9951
   -0.10150    0.99514  +0.9951
   -0.10150    1.99742  -1.0000
    0.00000    0.00000  +1.0000
    0.00000    0.00000  +1.0000
    0.00000    0.00000  +1.0000

gamma_S_rel = 0.0200 (gamma_S = 0.00200)
  Distinct Re(lambda) classes: 3
  Re(lambda) values: [-0.204 -0.102  0.   ]
   -0.20400   -0.00000  +1.0000
   -0.20400    0.00000  +1.0000
   -0.20400   -0.00000  +1.0000
   -0.10200   -1.99740  -1.0000
   -0.10200   -0.99519  +0.9952
   -0.10200   -0.99519  +0.9952
   -0.10200   -0.99519  -0.9952
   -0.10200   -0.99519  -0.9952
   -0.10200    0.99519  -0.9952
   -0.10200    0.99519  -0.9952
   -0.10200    0.99519  +0.9952
   -0.10200    0.99519  +0.9952
   -0.10200    1.99740  -1.0000
    0.00000    0.00000  +1.0000
    0.00000    0.00000  +1.0000
    0.00000    0.00000  +1.0000

gamma_S_rel = 0.0250 (gamma_S = 0.00250)
  Distinct Re(lambda) classes: 3
  Re(lambda) values: [-0.205  -0.1025  0.    ]
   -0.20500    0.00000  +1.0000
   -0.20500    0.00000  +1.0000
   -0.20500   -0.00000  +1.0000
   -0.10250   -1.99737  -1.0000
   -0.10250   -0.99524  +0.9952
   -0.10250   -0.99524  +0.9952
   -0.10250   -0.99524  -0.9952
   -0.10250   -0.99524  -0.9952
   -0.10250    0.99524  -0.9952
   -0.10250    0.99524  -0.9952
   -0.10250    0.99524  +0.9952
   -0.10250    0.99524  +0.9952
   -0.10250    1.99737  -1.0000
    0.00000    0.00000  +1.0000
    0.00000    0.00000  +1.0000
    0.00000    0.00000  +1.0000

gamma_S_rel = 0.0300 (gamma_S = 0.00300)
  Distinct Re(lambda) classes: 3
  Re(lambda) values: [-0.206 -0.103  0.   ]
   -0.20600   -0.00000  +1.0000
   -0.20600    0.00000  +1.0000
   -0.20600   -0.00000  +1.0000
   -0.10300   -1.99735  -1.0000
   -0.10300   -0.99528  +0.9953
   -0.10300   -0.99528  +0.9953
   -0.10300   -0.99528  -0.9953
   -0.10300   -0.99528  -0.9953
   -0.10300    0.99528  -0.9953
   -0.10300    0.99528  -0.9953
   -0.10300    0.99528  +0.9953
   -0.10300    0.99528  +0.9953
   -0.10300    1.99735  -1.0000
    0.00000    0.00000  +1.0000
    0.00000    0.00000  +1.0000
    0.00000    0.00000  +1.0000

gamma_S_rel = 0.0350 (gamma_S = 0.00350)
  Distinct Re(lambda) classes: 3
  Re(lambda) values: [-0.207  -0.1035  0.    ]
   -0.20700    0.00000  +1.0000
   -0.20700    0.00000  +1.0000
   -0.20700   -0.00000  +1.0000
   -0.10350   -1.99732  -1.0000
   -0.10350   -0.99533  +0.9953
   -0.10350   -0.99533  +0.9953
   -0.10350   -0.99533  -0.9953
   -0.10350   -0.99533  -0.9953
   -0.10350    0.99533  -0.9953
   -0.10350    0.99533  -0.9953
   -0.10350    0.99533  +0.9953
   -0.10350    0.99533  +0.9953
   -0.10350    1.99732  -1.0000
    0.00000    0.00000  +1.0000
    0.00000    0.00000  +1.0000
    0.00000    0.00000  +1.0000

gamma_S_rel = 0.0400 (gamma_S = 0.00400)
  Distinct Re(lambda) classes: 3
  Re(lambda) values: [-0.208 -0.104  0.   ]
   -0.20800   -0.00000  +1.0000
   -0.20800    0.00000  +1.0000
   -0.20800   -0.00000  +1.0000
   -0.10400   -1.99729  -1.0000
   -0.10400   -0.99538  +0.9954
   -0.10400   -0.99538  +0.9954
   -0.10400   -0.99538  -0.9954
   -0.10400   -0.99538  -0.9954
   -0.10400    0.99538  -0.9954
   -0.10400    0.99538  -0.9954
   -0.10400    0.99538  +0.9954
   -0.10400    0.99538  +0.9954
   -0.10400    1.99729  -1.0000
    0.00000    0.00000  +1.0000
    0.00000    0.00000  +1.0000
    0.00000    0.00000  +1.0000

gamma_S_rel = 0.0450 (gamma_S = 0.00450)
  Distinct Re(lambda) classes: 3
  Re(lambda) values: [-0.209  -0.1045  0.    ]
   -0.20900   -0.00000  +1.0000
   -0.20900    0.00000  +1.0000
   -0.20900   -0.00000  +1.0000
   -0.10450   -1.99727  -1.0000
   -0.10450   -0.99543  +0.9954
   -0.10450   -0.99543  +0.9954
   -0.10450   -0.99543  -0.9954
   -0.10450   -0.99543  -0.9954
   -0.10450    0.99543  -0.9954
   -0.10450    0.99543  -0.9954
   -0.10450    0.99543  +0.9954
   -0.10450    0.99543  +0.9954
   -0.10450    1.99727  -1.0000
    0.00000    0.00000  +1.0000
    0.00000    0.00000  +1.0000
    0.00000    0.00000  +1.0000

gamma_S_rel = 0.0500 (gamma_S = 0.00500)
  Distinct Re(lambda) classes: 3
  Re(lambda) values: [-0.21  -0.105  0.   ]
   -0.21000    0.00000  +1.0000
   -0.21000    0.00000  +1.0000
   -0.21000   -0.00000  +1.0000
   -0.10500   -1.99724  -1.0000
   -0.10500   -0.99548  +0.9955
   -0.10500   -0.99548  +0.9955
   -0.10500   -0.99548  -0.9955
   -0.10500   -0.99548  -0.9955
   -0.10500    0.99548  -0.9955
   -0.10500    0.99548  -0.9955
   -0.10500    0.99548  +0.9955
   -0.10500    0.99548  +0.9955
   -0.10500    1.99724  -1.0000
    0.00000    0.00000  +1.0000
    0.00000    0.00000  +1.0000
    0.00000    0.00000  +1.0000

gamma_S_rel = 0.0550 (gamma_S = 0.00550)
  Distinct Re(lambda) classes: 3
  Re(lambda) values: [-0.211  -0.1055  0.    ]
   -0.21100   -0.00000  +1.0000
   -0.21100    0.00000  +1.0000
   -0.21100   -0.00000  +1.0000
   -0.10550   -1.99722  -1.0000
   -0.10550   -0.99552  +0.9955
   -0.10550   -0.99552  +0.9955
   -0.10550   -0.99552  -0.9955
   -0.10550   -0.99552  -0.9955
   -0.10550    0.99552  -0.9955
   -0.10550    0.99552  -0.9955
   -0.10550    0.99552  +0.9955
   -0.10550    0.99552  +0.9955
   -0.10550    1.99722  -1.0000
    0.00000    0.00000  +1.0000
    0.00000    0.00000  +1.0000
    0.00000    0.00000  +1.0000

gamma_S_rel = 0.0600 (gamma_S = 0.00600)
  Distinct Re(lambda) classes: 3
  Re(lambda) values: [-0.212 -0.106  0.   ]
   -0.21200   -0.00000  +1.0000
   -0.21200    0.00000  +1.0000
   -0.21200   -0.00000  +1.0000
   -0.10600   -1.99719  -1.0000
   -0.10600   -0.99557  +0.9956
   -0.10600   -0.99557  +0.9956
   -0.10600   -0.99557  -0.9956
   -0.10600   -0.99557  -0.9956
   -0.10600    0.99557  -0.9956
   -0.10600    0.99557  -0.9956
   -0.10600    0.99557  +0.9956
   -0.10600    0.99557  +0.9956
   -0.10600    1.99719  -1.0000
    0.00000    0.00000  +1.0000
    0.00000    0.00000  +1.0000
    0.00000    0.00000  +1.0000

gamma_S_rel = 0.0650 (gamma_S = 0.00650)
  Distinct Re(lambda) classes: 3
  Re(lambda) values: [-0.213  -0.1065  0.    ]
   -0.21300   -0.00000  +1.0000
   -0.21300    0.00000  +1.0000
   -0.21300   -0.00000  +1.0000
   -0.10650   -1.99716  -1.0000
   -0.10650   -0.99562  +0.9956
   -0.10650   -0.99562  +0.9956
   -0.10650   -0.99562  -0.9956
   -0.10650   -0.99562  -0.9956
   -0.10650    0.99562  -0.9956
   -0.10650    0.99562  -0.9956
   -0.10650    0.99562  +0.9956
   -0.10650    0.99562  +0.9956
   -0.10650    1.99716  -1.0000
    0.00000    0.00000  +1.0000
    0.00000    0.00000  +1.0000
    0.00000    0.00000  +1.0000

gamma_S_rel = 0.0700 (gamma_S = 0.00700)
  Distinct Re(lambda) classes: 3
  Re(lambda) values: [-0.214 -0.107  0.   ]
   -0.21400   -0.00000  +1.0000
   -0.21400    0.00000  +1.0000
   -0.21400   -0.00000  +1.0000
   -0.10700   -1.99714  -1.0000
   -0.10700   -0.99567  +0.9957
   -0.10700   -0.99567  +0.9957
   -0.10700   -0.99567  -0.9957
   -0.10700   -0.99567  -0.9957
   -0.10700    0.99567  -0.9957
   -0.10700    0.99567  -0.9957
   -0.10700    0.99567  +0.9957
   -0.10700    0.99567  +0.9957
   -0.10700    1.99714  -1.0000
    0.00000    0.00000  +1.0000
    0.00000    0.00000  +1.0000
    0.00000    0.00000  +1.0000

gamma_S_rel = 0.0750 (gamma_S = 0.00750)
  Distinct Re(lambda) classes: 3
  Re(lambda) values: [-0.215  -0.1075  0.    ]
   -0.21500    0.00000  +1.0000
   -0.21500    0.00000  +1.0000
   -0.21500   -0.00000  +1.0000
   -0.10750   -1.99711  -1.0000
   -0.10750   -0.99571  +0.9957
   -0.10750   -0.99571  +0.9957
   -0.10750   -0.99571  -0.9957
   -0.10750   -0.99571  -0.9957
   -0.10750    0.99571  -0.9957
   -0.10750    0.99571  -0.9957
   -0.10750    0.99571  +0.9957
   -0.10750    0.99571  +0.9957
   -0.10750    1.99711  -1.0000
    0.00000    0.00000  +1.0000
    0.00000    0.00000  +1.0000
    0.00000    0.00000  +1.0000

gamma_S_rel = 0.0800 (gamma_S = 0.00800)
  Distinct Re(lambda) classes: 3
  Re(lambda) values: [-0.216 -0.108  0.   ]
   -0.21600   -0.00000  +1.0000
   -0.21600    0.00000  +1.0000
   -0.21600   -0.00000  +1.0000
   -0.10800   -1.99708  -1.0000
   -0.10800   -0.99576  +0.9958
   -0.10800   -0.99576  +0.9958
   -0.10800   -0.99576  -0.9958
   -0.10800   -0.99576  -0.9958
   -0.10800    0.99576  -0.9958
   -0.10800    0.99576  -0.9958
   -0.10800    0.99576  +0.9958
   -0.10800    0.99576  +0.9958
   -0.10800    1.99708  -1.0000
    0.00000    0.00000  +1.0000
    0.00000    0.00000  +1.0000
    0.00000    0.00000  +1.0000

gamma_S_rel = 0.0850 (gamma_S = 0.00850)
  Distinct Re(lambda) classes: 3
  Re(lambda) values: [-0.217  -0.1085  0.    ]
   -0.21700   -0.00000  +1.0000
   -0.21700    0.00000  +1.0000
   -0.21700   -0.00000  +1.0000
   -0.10850   -1.99705  -1.0000
   -0.10850   -0.99581  +0.9958
   -0.10850   -0.99581  +0.9958
   -0.10850   -0.99581  -0.9958
   -0.10850   -0.99581  -0.9958
   -0.10850    0.99581  -0.9958
   -0.10850    0.99581  -0.9958
   -0.10850    0.99581  +0.9958
   -0.10850    0.99581  +0.9958
   -0.10850    1.99705  -1.0000
    0.00000    0.00000  +1.0000
    0.00000    0.00000  +1.0000
    0.00000    0.00000  +1.0000

gamma_S_rel = 0.0900 (gamma_S = 0.00900)
  Distinct Re(lambda) classes: 3
  Re(lambda) values: [-0.218 -0.109  0.   ]
   -0.21800    0.00000  +1.0000
   -0.21800    0.00000  +1.0000
   -0.21800   -0.00000  +1.0000
   -0.10900   -1.99703  -1.0000
   -0.10900   -0.99585  +0.9959
   -0.10900   -0.99585  +0.9959
   -0.10900   -0.99585  -0.9959
   -0.10900   -0.99585  -0.9959
   -0.10900    0.99585  -0.9959
   -0.10900    0.99585  -0.9959
   -0.10900    0.99585  +0.9959
   -0.10900    0.99585  +0.9959
   -0.10900    1.99703  -1.0000
    0.00000    0.00000  +1.0000
    0.00000    0.00000  +1.0000
    0.00000    0.00000  +1.0000

gamma_S_rel = 0.0950 (gamma_S = 0.00950)
  Distinct Re(lambda) classes: 3
  Re(lambda) values: [-0.219  -0.1095  0.    ]
   -0.21900   -0.00000  +1.0000
   -0.21900    0.00000  +1.0000
   -0.21900   -0.00000  +1.0000
   -0.10950   -1.99700  -1.0000
   -0.10950   -0.99590  +0.9959
   -0.10950   -0.99590  +0.9959
   -0.10950   -0.99590  -0.9959
   -0.10950   -0.99590  -0.9959
   -0.10950    0.99590  -0.9959
   -0.10950    0.99590  -0.9959
   -0.10950    0.99590  +0.9959
   -0.10950    0.99590  +0.9959
   -0.10950    1.99700  -1.0000
    0.00000    0.00000  +1.0000
    0.00000    0.00000  +1.0000
    0.00000    0.00000  +1.0000

gamma_S_rel = 0.1000 (gamma_S = 0.01000)
  Distinct Re(lambda) classes: 3
  Re(lambda) values: [-0.22 -0.11  0.  ]
   -0.22000   -0.00000  +1.0000
   -0.22000    0.00000  +1.0000
   -0.22000   -0.00000  +1.0000
   -0.11000   -1.99697  -1.0000
   -0.11000   -0.99594  +0.9959
   -0.11000   -0.99594  +0.9959
   -0.11000   -0.99594  -0.9959
   -0.11000   -0.99594  -0.9959
   -0.11000    0.99594  -0.9959
   -0.11000    0.99594  -0.9959
   -0.11000    0.99594  +0.9959
   -0.11000    0.99594  +0.9959
   -0.11000    1.99697  -1.0000
    0.00000    0.00000  +1.0000
    0.00000    0.00000  +1.0000
    0.00000    0.00000  +1.0000


========================================================================
Summary: SWAP expectation value statistics across sweep
========================================================================
 gamma_S_rel   |<SWAP>|>0.95   min|<SWAP>|   max|<SWAP>|  mean|<SWAP>|
      0.0000              16      0.994987      1.000000      0.997494
      0.0050              16      0.995038      1.000000      0.997519
      0.0100              16      0.995087      1.000000      0.997544
      0.0150              16      0.995137      1.000000      0.997569
      0.0200              16      0.995186      1.000000      0.997593
      0.0250              16      0.995236      1.000000      0.997618
      0.0300              16      0.995284      1.000000      0.997642
      0.0350              16      0.995333      1.000000      0.997666
      0.0400              16      0.995381      1.000000      0.997691
      0.0450              16      0.995429      1.000000      0.997715
      0.0500              16      0.995477      1.000000      0.997739
      0.0550              16      0.995525      1.000000      0.997762
      0.0600              16      0.995572      1.000000      0.997786
      0.0650              16      0.995619      1.000000      0.997810
      0.0700              16      0.995666      1.000000      0.997833
      0.0750              16      0.995713      1.000000      0.997856
      0.0800              16      0.995759      1.000000      0.997880
      0.0850              16      0.995805      1.000000      0.997903
      0.0900              16      0.995851      1.000000      0.997925
      0.0950              16      0.995896      1.000000      0.997948
      0.1000              16      0.995942      1.000000      0.997971

========================================================================
Per-mode SWAP trajectory (sorted by Re then Im at each point)
========================================================================
 gamma_S_rel    mode0    mode1    mode2    mode3    mode4    mode5    mode6    mode7    mode8    mode9   mode10   mode11   mode12   mode13   mode14   mode15
      0.0000  +1.0000  +1.0000  +1.0000  -1.0000  +0.9950  +0.9950  -0.9950  -0.9950  -0.9950  -0.9950  +0.9950  +0.9950  -1.0000  +1.0000  +1.0000  +1.0000
      0.0050  +1.0000  +1.0000  +1.0000  -1.0000  +0.9950  +0.9950  -0.9950  -0.9950  -0.9950  -0.9950  +0.9950  +0.9950  -1.0000  +1.0000  +1.0000  +1.0000
      0.0100  +1.0000  +1.0000  +1.0000  -1.0000  +0.9951  +0.9951  -0.9951  -0.9951  -0.9951  -0.9951  +0.9951  +0.9951  -1.0000  +1.0000  +1.0000  +1.0000
      0.0150  +1.0000  +1.0000  +1.0000  -1.0000  +0.9951  +0.9951  -0.9951  -0.9951  -0.9951  -0.9951  +0.9951  +0.9951  -1.0000  +1.0000  +1.0000  +1.0000
      0.0200  +1.0000  +1.0000  +1.0000  -1.0000  +0.9952  +0.9952  -0.9952  -0.9952  -0.9952  -0.9952  +0.9952  +0.9952  -1.0000  +1.0000  +1.0000  +1.0000
      0.0250  +1.0000  +1.0000  +1.0000  -1.0000  +0.9952  +0.9952  -0.9952  -0.9952  -0.9952  -0.9952  +0.9952  +0.9952  -1.0000  +1.0000  +1.0000  +1.0000
      0.0300  +1.0000  +1.0000  +1.0000  -1.0000  +0.9953  +0.9953  -0.9953  -0.9953  -0.9953  -0.9953  +0.9953  +0.9953  -1.0000  +1.0000  +1.0000  +1.0000
      0.0350  +1.0000  +1.0000  +1.0000  -1.0000  +0.9953  +0.9953  -0.9953  -0.9953  -0.9953  -0.9953  +0.9953  +0.9953  -1.0000  +1.0000  +1.0000  +1.0000
      0.0400  +1.0000  +1.0000  +1.0000  -1.0000  +0.9954  +0.9954  -0.9954  -0.9954  -0.9954  -0.9954  +0.9954  +0.9954  -1.0000  +1.0000  +1.0000  +1.0000
      0.0450  +1.0000  +1.0000  +1.0000  -1.0000  +0.9954  +0.9954  -0.9954  -0.9954  -0.9954  -0.9954  +0.9954  +0.9954  -1.0000  +1.0000  +1.0000  +1.0000
      0.0500  +1.0000  +1.0000  +1.0000  -1.0000  +0.9955  +0.9955  -0.9955  -0.9955  -0.9955  -0.9955  +0.9955  +0.9955  -1.0000  +1.0000  +1.0000  +1.0000
      0.0550  +1.0000  +1.0000  +1.0000  -1.0000  +0.9955  +0.9955  -0.9955  -0.9955  -0.9955  -0.9955  +0.9955  +0.9955  -1.0000  +1.0000  +1.0000  +1.0000
      0.0600  +1.0000  +1.0000  +1.0000  -1.0000  +0.9956  +0.9956  -0.9956  -0.9956  -0.9956  -0.9956  +0.9956  +0.9956  -1.0000  +1.0000  +1.0000  +1.0000
      0.0650  +1.0000  +1.0000  +1.0000  -1.0000  +0.9956  +0.9956  -0.9956  -0.9956  -0.9956  -0.9956  +0.9956  +0.9956  -1.0000  +1.0000  +1.0000  +1.0000
      0.0700  +1.0000  +1.0000  +1.0000  -1.0000  +0.9957  +0.9957  -0.9957  -0.9957  -0.9957  -0.9957  +0.9957  +0.9957  -1.0000  +1.0000  +1.0000  +1.0000
      0.0750  +1.0000  +1.0000  +1.0000  -1.0000  +0.9957  +0.9957  -0.9957  -0.9957  -0.9957  -0.9957  +0.9957  +0.9957  -1.0000  +1.0000  +1.0000  +1.0000
      0.0800  +1.0000  +1.0000  +1.0000  -1.0000  +0.9958  +0.9958  -0.9958  -0.9958  -0.9958  -0.9958  +0.9958  +0.9958  -1.0000  +1.0000  +1.0000  +1.0000
      0.0850  +1.0000  +1.0000  +1.0000  -1.0000  +0.9958  +0.9958  -0.9958  -0.9958  -0.9958  -0.9958  +0.9958  +0.9958  -1.0000  +1.0000  +1.0000  +1.0000
      0.0900  +1.0000  +1.0000  +1.0000  -1.0000  +0.9959  +0.9959  -0.9959  -0.9959  -0.9959  -0.9959  +0.9959  +0.9959  -1.0000  +1.0000  +1.0000  +1.0000
      0.0950  +1.0000  +1.0000  +1.0000  -1.0000  +0.9959  +0.9959  -0.9959  -0.9959  -0.9959  -0.9959  +0.9959  +0.9959  -1.0000  +1.0000  +1.0000  +1.0000
      0.1000  +1.0000  +1.0000  +1.0000  -1.0000  +0.9959  +0.9959  -0.9959  -0.9959  -0.9959  -0.9959  +0.9959  +0.9959  -1.0000  +1.0000  +1.0000  +1.0000
Baseline (gamma_S_rel=0): 16/16 modes within 0.05 of +-1
  Modes NOT exactly +-1 (deviation > 0.001): 8
  Mean |<SWAP>|: 0.997494
Final (gamma_S_rel=0.1): 16/16 modes within 0.05 of +-1
  Mean |<SWAP>|: 0.997971

VERDICT: SHARP SURVIVAL. SWAP +-1 pattern is genuine structure.