Probe 1: Effective gamma from 3-qubit S-M-B stack
================================================================================

    J_MB  gamma_B     Q_MB  gamma_eff  g_eff/g_B       R2  rebound  reb_amp
   0.010    0.010     1.00   0.000001   0.000058  -0.0000       no
   0.010    0.030     0.33   0.000003   0.000085   0.0004       no
   0.010    0.100     0.10   0.000007   0.000069   0.0049       no
   0.010    0.300     0.03   0.000025   0.000084   0.0222       no
   0.010    1.000     0.01   0.000096   0.000096   0.1126       no
   0.030    0.010     3.00   0.000005   0.000515   0.0001   0.0080
   0.030    0.030     1.00   0.000017   0.000574   0.0024   0.0074
   0.030    0.100     0.30   0.000050   0.000504   0.0271   0.0056
   0.030    0.300     0.10   0.000143   0.000478   0.0725       no
   0.030    1.000     0.03   0.000349   0.000349   0.1557       no
   0.100    0.010    10.00   0.000086   0.008557   0.0028   0.0281
   0.100    0.030     3.33   0.000186   0.006191   0.0208   0.0257
   0.100    0.100     1.00   0.000521   0.005209   0.1864   0.0190
   0.100    0.300     0.33   0.001261   0.004204   0.3225   0.0120
   0.100    1.000     0.10   0.001897   0.001897   0.3117   0.0054
   0.300    0.010    30.00   0.000792   0.079234   0.0163   0.0929
   0.300    0.030    10.00   0.001537   0.051228   0.0886   0.0828
   0.300    0.100     3.00   0.004278   0.042780   0.4991   0.0581
   0.300    0.300     1.00   0.010531   0.035103   0.7046   0.0344
   0.300    1.000     0.30   0.012096   0.012096   0.6193   0.0152
   1.000    0.010   100.00   0.004353   0.435337   0.7682   0.0272
   1.000    0.030    33.33   0.012442   0.414734   0.9261   0.0267
   1.000    0.100    10.00   0.038850   0.388501   0.9597   0.0251
   1.000    0.300     3.33   0.119237   0.397457   0.9248   0.0233
   1.000    1.000     1.00   0.135722   0.135722   0.8814   0.0296
   3.000    0.010   300.00   0.000807   0.080710   0.0706   0.0495
   3.000    0.030   100.00   0.002899   0.096635   0.5635   0.0484
   3.000    0.100    30.00   0.009864   0.098643   0.9455   0.0450
   3.000    0.300    10.00   0.029866   0.099554   0.9820   0.0366
   3.000    1.000     3.00   0.100524   0.100524   0.9721   0.0254
  10.000    0.010  1000.00   0.000096   0.009641   0.0069   0.0202
  10.000    0.030   333.33   0.000284   0.009473   0.1127   0.0200
  10.000    0.100   100.00   0.000964   0.009641   0.7907   0.0192
  10.000    0.300    33.33   0.002902   0.009673   0.9184   0.0172
  10.000    1.000    10.00   0.009672   0.009672   0.9170   0.0186

f(Q_MB) reference (gamma_B=0.1):
  Q_MB=0.10: f=0.000069
  Q_MB=0.30: f=0.000504
  Q_MB=1.00: f=0.005209
  Q_MB=3.00: f=0.042780
  Q_MB=10.00: f=0.388501
  Q_MB=30.00: f=0.098643
  Q_MB=100.00: f=0.009641

Verdict:
MARKOVIAN FIT FAILS: min R^2 = -0.0000
Effective gamma is not a sensible concept for this system.
STOP: hypothesis loses operational support at simplest test.
